13333_2020.12_0002_39986569.png 1 1 0 0
13333_2020.12_0002_39986546.png 1 0 0 0
13333_2020.12_0002_39984188.png 1 1 0 0
13333_2020.12_0002_39985254.png 1 0 0 0
13333_2020.12_0002_39986610.png 1 1 0 0
13333_2020.12_0002_39986541.png 1 1 0 0
13333_2020.12_0002_39986552.png 1 0 1 0
13333_2020.12_0002_39986638.png 1 1 1 0
13333_2020.12_0002_39986542.png 1 1 0 0
13333_2020.12_0002_39987648.png 1 1 0 0
13333_2020.12_0002_39986559.png 1 0 0 0
13333_2020.12_0002_39986606.png 1 1 0 0
13333_2020.12_0002_39986627.png 1 1 0 0
13333_2020.12_0002_39985155.png 1 1 0 0
13333_2020.12_0002_39986325.png 1 1 0 0
13333_2020.12_0002_39986543.png 1 0 0 0
13333_2020.12_0002_39986442.png 1 1 0 0
13333_2020.12_0002_39985233.png 1 0 0 0
13333_2020.12_0002_39986554.png 1 0 0 0
13333_2020.12_0002_39985152.png 1 1 0 0
13333_2020.12_0002_39986431.png 1 1 0 0
13333_2020.12_0002_39986653.png 1 1 0 0
13333_2020.12_0002_39987639.png 1 1 0 0
13333_2020.12_0002_39986553.png 1 0 0 0
13333_2020.12_0002_39985171.png 1 0 0 0
13333_2020.12_0002_39986332.png 1 1 0 0
13333_2020.12_0002_39985792.png 1 0 0 0
13333_2020.12_0002_39987465.png 1 1 0 0
13333_2020.12_0002_39986548.png 1 0 0 0
13333_2020.12_0002_39986439.png 1 1 0 0
13333_2020.12_0002_39986362.png 1 1 0 0
13333_2020.12_0002_39986563.png 1 0 0 0
13333_2020.12_0002_39986540.png 1 1 0 0
13333_2020.12_0002_39986544.png 1 1 0 0
13333_2020.12_0002_39986674.png 1 0 0 0
13333_2020.12_0002_39986420.png 1 0 0 0
13333_2020.12_0002_39986286.png 1 0 0 0
13333_2020.12_0002_39986378.png 1 1 0 0
13333_2020.12_0002_39986315.png 1 0 0 0
13333_2020.12_0002_39986634.png 1 0 0 0
13333_2020.12_0002_39986630.png 1 0 0 0
13333_2020.12_0002_39986341.png 1 1 0 0
13333_2020.12_0002_39986545.png 1 0 0 0
13333_2020.12_0002_39986494.png 1 1 0 0
13333_2020.12_0002_39986599.png 1 1 0 0
13333_2020.12_0002_39985221.png 1 0 1 0
13333_2020.12_0002_39987645.png 1 1 0 0
13333_2020.12_0002_39986609.png 1 1 0 0
13333_2021.12_0004_57458613.png 0 1 0 0
13333_2021.12_0004_57458615.png 0 1 0 0
13333_2021.12_0004_56719171.png 0 1 0 0
13333_2021.12_0004_56719475.png 0 1 0 0
13333_2021.12_0004_56719467.png 0 1 0 0
13333_2021.12_0004_57457658.png 0 1 0 0
13333_2021.12_0004_56719316.png 0 1 0 0
13333_2021.12_0004_56718901.png 0 1 0 0
13333_2021.12_0004_56718854.png 0 1 0 0
13333_2021.12_0004_56719160.png 0 1 0 0
13333_2021.12_0004_56719324.png 0 1 0 0
13333_2021.12_0004_56719177.png 0 1 0 0
13333_2021.12_0004_56719187.png 0 1 0 0
13333_2021.12_0004_56719193.png 0 1 0 0
13333_2021.12_0004_57457640.png 0 1 0 0
13333_2021.12_0004_56719333.png 0 1 0 0
13333_2021.12_0004_56719338.png 0 1 0 0
13333_2021.12_0004_56719292.png 0 1 0 0
13333_2021.12_0004_56718718.png 0 1 0 0
13333_2021.12_0004_57457652.png 0 1 0 0
13333_2021.12_0004_56719186.png 0 1 0 0
13333_2021.12_0004_57457548.png 0 1 0 0
13333_2021.12_0004_56719182.png 0 1 0 0
13333_2021.12_0004_56719170.png 0 1 0 0
13333_2021.12_0004_56719169.png 0 1 0 0
13333_2021.12_0004_57457279.png 0 1 0 0
13333_2021.12_0004_56718682.png 1 1 0 0
13333_2021.12_0004_57457271.png 0 1 0 0
13333_2021.12_0004_57457187.png 0 1 0 0
13333_2021.12_0004_56718958.png 0 1 0 0
13333_2021.12_0004_56719352.png 0 1 0 0
13333_2021.12_0004_56719184.png 0 1 0 0
13333_2021.12_0004_57457584.png 0 1 0 0
13333_2021.12_0004_57457319.png 0 1 0 0
13333_2021.12_0004_56718688.png 0 1 0 0
13333_2021.12_0004_56719189.png 0 1 0 0
13333_2021.12_0004_56718686.png 0 1 0 0
13333_2021.12_0004_56718687.png 0 1 0 0
13333_2021.12_0004_56719354.png 0 1 0 0
13333_2021.12_0004_56719178.png 0 1 0 0
13333_2021.12_0004_56719476.png 0 1 0 0
13333_2021.12_0004_56719132.png 0 1 0 0
13333_2021.12_0004_56719180.png 0 1 0 0
13333_2021.12_0004_57457541.png 0 1 0 0
13333_2021.12_0004_56719175.png 0 1 0 0
13333_2021.12_0004_57457605.png 0 1 0 0
13333_2021.12_0004_56719351.png 0 1 0 0
13333_2021.12_0004_56718888.png 0 1 0 0
13333_2021.12_0004_57457334.png 0 1 0 0
13333_2021.12_0004_56719185.png 0 1 0 0
13333_2021.12_0004_57457634.png 0 1 0 0
13333_2021.12_0004_56719168.png 0 1 0 0
13333_2021.12_0004_56719355.png 0 1 0 0
13333_2021.12_0004_56718685.png 0 1 0 0
13333_2021.12_0004_56718925.png 0 1 0 0
13333_2021.12_0004_57457598.png 0 1 0 0
13333_2021.12_0004_56719141.png 0 1 0 0
13333_2021.12_0004_57458616.png 0 1 0 0
13333_2021.12_0004_57457327.png 0 1 0 0
13333_2021.12_0004_56719307.png 0 1 0 0
13333_2021.12_0004_57458621.png 0 1 0 0
13333_2021.12_0004_56719172.png 0 1 0 0
13333_2021.12_0004_56719281.png 0 1 0 0
13333_2021.12_0004_57457232.png 0 1 0 0
13333_2021.12_0004_56719181.png 0 1 0 0
13333_2021.12_0004_56718867.png 0 1 0 0
13333_2021.12_0004_57457347.png 0 1 0 0
13333_2021.12_0004_56719439.png 0 1 0 0
13333_2021.12_0004_57458619.png 0 1 0 0
13333_2021.12_0004_56719192.png 0 1 0 0
13333_2021.12_0004_56719190.png 0 1 0 0
13333_2021.12_0004_57457243.png 0 1 0 0
13333_2021.12_0004_57457591.png 0 1 0 0
13333_2021.12_0004_56719174.png 0 1 0 0
13333_2021.12_0004_56718907.png 0 1 0 0
13333_2021.12_0004_57457263.png 0 1 0 0
13333_2021.12_0004_56719302.png 0 1 0 0
13333_2021.12_0004_56719188.png 0 1 0 0
13333_2021.12_0004_57457611.png 0 1 0 0
13333_2021.12_0004_56719358.png 0 1 0 0
13333_2021.12_0004_56719353.png 0 1 0 0
13333_2021.12_0004_56719296.png 0 1 0 0
13333_2021.12_0004_56719191.png 0 1 0 0
13333_2021.12_0004_56718683.png 0 1 0 0
13333_2021.12_0004_56719356.png 0 1 0 0
13333_2021.12_0004_56719357.png 0 1 0 0
13333_2021.12_0004_56719343.png 0 1 0 0
13333_2021.12_0004_56719350.png 0 1 0 0
13333_2021.12_0004_57457342.png 0 1 0 0
13333_2021.12_0004_56718988.png 0 1 0 0
13333_2021.12_0004_57457556.png 0 1 0 0
13333_2021.12_0004_57458609.png 0 1 0 0
13333_2021.12_0004_56718680.png 0 1 0 0
13333_2021.12_0004_57457203.png 0 1 0 0
13333_2021.12_0004_56719173.png 0 1 0 0
13333_2021.12_0004_57457304.png 0 1 0 0
13333_2021.12_0004_57458605.png 0 1 0 0
13333_2021.12_0004_57457293.png 0 1 0 0
13333_2021.12_0004_57458610.png 0 1 0 0
13333_2021.12_0004_57457250.png 0 1 0 0
13333_2021.12_0004_56719158.png 0 1 0 0
13333_2021.08_0007_51346048.png 0 0 1 1
13333_2021.08_0007_51345236.png 0 1 1 0
13333_2021.08_0007_50950824.png 0 0 1 1
13333_2021.08_0007_51346424.png 1 0 1 0
13333_2021.08_0007_50955025.png 0 0 1 0
13333_2021.08_0007_50951398.png 0 1 1 0
13333_2021.08_0007_51346049.png 0 0 1 1
13333_2021.08_0007_50953156.png 0 0 1 0
13333_2021.08_0007_51342969.png 0 1 1 0
13333_2021.08_0007_51342960.png 0 1 1 0
13333_2021.08_0007_50953340.png 0 0 1 0
13333_2021.08_0007_51346052.png 0 0 1 1
13333_2021.08_0007_50951400.png 0 0 1 0
13333_2021.08_0007_51346099.png 0 0 1 1
13333_2021.08_0007_51342586.png 0 0 1 0
13333_2021.08_0007_50953537.png 0 0 1 0
13333_2021.08_0007_51342947.png 0 0 1 0
13333_2021.08_0007_50950777.png 0 0 1 0
13333_2021.08_0007_51341839.png 0 0 1 0
13333_2021.08_0007_50953118.png 0 0 1 0
13333_2021.08_0007_51343297.png 0 0 1 0
13333_2021.08_0007_50953515.png 0 1 1 0
13333_2021.08_0007_51344971.png 0 0 1 0
13333_2021.08_0007_51342929.png 0 0 1 0
13333_2021.08_0007_50953344.png 0 0 1 0
13333_2021.08_0007_51345153.png 0 0 1 0
13333_2021.08_0007_51341842.png 0 0 1 0
13333_2021.08_0007_51341880.png 0 0 1 0
13333_2021.08_0007_50955028.png 0 0 1 0
13333_2021.08_0007_50953469.png 0 0 1 0
13333_2021.08_0007_51342950.png 0 1 1 0
13333_2021.08_0007_50954576.png 0 1 1 0
13333_2021.08_0007_51342211.png 0 0 1 0
13333_2021.08_0007_50954371.png 0 1 1 0
13333_2021.08_0007_51341619.png 0 0 1 0
13333_2021.08_0007_50951396.png 0 0 1 0
13333_2021.08_0007_51343705.png 0 0 1 0
13333_2021.08_0007_50955104.png 0 0 1 0
13333_2021.08_0007_51342924.png 0 0 1 0
13333_2021.08_0007_51341580.png 0 0 1 0
13333_2021.08_0007_51342964.png 0 1 1 0
13333_2021.08_0007_51343709.png 0 0 1 0
13333_2021.08_0007_51343398.png 0 0 1 0
13333_2021.09_0001_51688951.png 1 0 0 1
13333_2021.09_0001_51688686.png 0 0 1 1
13333_2021.09_0001_51688679.png 0 0 1 1
13333_2021.09_0001_51688680.png 0 0 0 1
13333_2021.09_0001_51688677.png 0 0 1 1
13333_2021.09_0001_51688953.png 1 0 0 1
13333_2021.09_0001_51689179.png 1 0 0 1
13333_2021.09_0001_51688957.png 1 0 0 1
13333_2021.09_0001_51688927.png 0 0 0 1
13333_2021.09_0001_51689688.png 1 0 0 1
13333_2021.09_0001_51689649.png 1 0 0 1
13333_2021.09_0001_51688919.png 0 0 0 1
13333_2021.09_0001_51688961.png 0 0 0 1
13333_2021.09_0001_51688676.png 0 0 1 1
13333_2021.09_0001_51688920.png 0 0 0 1
13333_2021.09_0001_51688913.png 0 0 0 1
13333_2021.09_0001_51688916.png 0 0 0 1
13333_2021.09_0001_51689673.png 1 0 0 1
13333_2021.09_0001_51688684.png 0 0 1 1
13333_2021.09_0001_51688929.png 0 0 0 1
13333_2021.09_0001_51688673.png 0 0 0 1
13333_2021.09_0001_51688917.png 0 0 0 1
13333_2021.09_0001_51688685.png 0 0 0 1
13333_2021.09_0001_51689646.png 1 0 0 1
13333_2021.09_0001_51688926.png 0 0 0 1
13333_2021.09_0001_51688921.png 0 0 0 1
13333_2021.09_0001_51688678.png 0 0 1 1
13333_2021.09_0001_51688933.png 1 0 0 1
13333_2021.09_0001_51688934.png 0 0 0 1
13333_2021.09_0001_51688930.png 0 0 0 1
13333_2021.09_0001_51688928.png 0 0 0 1
13333_2021.09_0001_51688931.png 1 0 0 1
13333_2021.09_0001_51688936.png 1 0 0 1
13333_2021.09_0001_51688954.png 1 0 0 1
13333_2021.09_0001_51688952.png 1 0 0 1
13333_2021.09_0001_51688937.png 1 0 0 1
13333_2021.09_0001_51688670.png 0 0 0 1
13333_2021.09_0001_51688932.png 1 0 0 1
13333_2021.09_0001_51688674.png 0 0 0 1
13333_2021.09_0001_51688918.png 0 0 0 1
13333_2021.09_0001_51688881.png 0 0 0 1
13333_2021.09_0001_51688935.png 1 0 0 1
13333_2021.09_0001_51688956.png 1 0 0 1
13333_2021.09_0001_51688958.png 1 0 0 1
13333_2021.09_0001_51688687.png 0 0 1 1
13333_2021.09_0001_51688682.png 0 0 0 1
13333_2021.09_0001_51688949.png 1 0 0 1
13333_2021.09_0001_51688950.png 1 0 0 1
13333_2021.09_0001_51688959.png 1 0 0 1
13333_2021.09_0001_51689658.png 1 0 0 1
13333_2021.09_0001_51688672.png 0 0 0 1
13333_2021.09_0001_51688688.png 0 0 1 1
13333_2021.09_0001_51688681.png 0 0 1 1
13333_2021.09_0001_51688948.png 1 0 0 1
13333_2021.09_0001_51688675.png 0 0 1 1
13333_2021.09_0001_51688923.png 0 0 0 1
13333_2021.09_0001_51688924.png 0 0 0 1
13333_2021.09_0001_51689912.png 0 0 0 1
13333_2021.09_0001_51688925.png 0 0 0 1
13333_2021.09_0001_51688955.png 1 0 0 1
13333_2021.09_0001_51688669.png 0 0 0 1
13333_2021.09_0001_51688683.png 0 0 1 1
