13333_2021.12_0010_56270189.png 1 1 0 0
13333_2021.12_0010_56270184.png 1 0 0 0
13333_2021.12_0010_56270193.png 1 1 0 0
13333_2021.12_0010_56270835.png 1 0 1 0
13333_2021.12_0010_56270182.png 1 0 0 0
13333_2021.12_0010_56270178.png 1 0 0 0
13333_2021.12_0010_56270837.png 1 0 0 0
13333_2021.12_0010_56270179.png 1 1 0 0
13333_2021.12_0010_56270183.png 1 0 0 0
13333_2021.12_0010_56270846.png 1 1 0 0
13333_2021.12_0010_56270188.png 1 0 0 0
13333_2021.12_0010_56270838.png 1 0 0 0
13333_2021.12_0010_56270875.png 1 0 1 0
13333_2021.12_0010_56270186.png 1 0 0 0
13333_2021.12_0010_56270839.png 1 0 1 0
13333_2021.12_0010_56270878.png 1 0 0 0
13333_2021.12_0010_56270881.png 1 0 1 0
13333_2021.12_0010_56270869.png 1 0 0 0
13333_2021.12_0010_56270870.png 1 0 0 0
13333_2021.12_0010_56270874.png 1 0 0 0
13333_2021.12_0010_56270836.png 1 0 0 0
13333_2021.12_0010_56270876.png 1 0 1 0
13333_2020.12_0002_39986569.png 1 1 0 0
13333_2020.12_0002_39986440.png 0 1 0 0
13333_2020.12_0002_39984188.png 1 1 0 0
13333_2020.12_0002_39986610.png 1 1 0 0
13333_2020.12_0002_39986541.png 1 1 0 0
13333_2020.12_0002_39986638.png 1 1 1 0
13333_2020.12_0002_39986542.png 1 1 0 0
13333_2020.12_0002_39987648.png 1 1 0 0
13333_2020.12_0002_39986606.png 1 1 0 0
13333_2020.12_0002_39986627.png 1 1 0 0
13333_2020.12_0002_39985155.png 1 1 0 0
13333_2020.12_0002_39987634.png 0 1 0 0
13333_2020.12_0002_39986325.png 1 1 0 0
13333_2020.12_0002_39986442.png 1 1 0 0
13333_2020.12_0002_39985152.png 1 1 0 0
13333_2020.12_0002_39986431.png 1 1 0 0
13333_2020.12_0002_39986653.png 1 1 0 0
13333_2020.12_0002_39987639.png 1 1 0 0
13333_2020.12_0002_39986332.png 1 1 0 0
13333_2020.12_0002_39987465.png 1 1 0 0
13333_2020.12_0002_39987557.png 0 1 0 0
13333_2020.12_0002_39986439.png 1 1 0 0
13333_2020.12_0002_39986362.png 1 1 0 0
13333_2020.12_0002_39986540.png 1 1 0 0
13333_2020.12_0002_39986544.png 1 1 0 0
13333_2020.12_0002_39986378.png 1 1 0 0
13333_2020.12_0002_39986341.png 1 1 0 0
13333_2020.12_0002_39986494.png 1 1 0 0
13333_2020.12_0002_39986599.png 1 1 0 0
13333_2020.12_0002_39987645.png 1 1 0 0
13333_2020.12_0002_39986609.png 1 1 0 0
13333_2020.12_0002_39986657.png 0 1 0 0
13333_2020.12_0002_39987595.png 0 1 0 0
13333_2021.11_0001_55806986.png 0 0 1 0
13333_2021.12_0007_57297486.png 1 0 0 1
13333_2021.12_0007_57297468.png 1 1 1 1
13333_2021.12_0007_57297457.png 1 1 0 1
13333_2021.12_0007_57297477.png 1 0 0 1
13333_2021.12_0007_57297466.png 0 1 1 1
13333_2021.12_0007_57297475.png 0 1 1 1
13333_2021.12_0007_57297483.png 1 0 0 1
13333_2021.12_0007_57297448.png 1 0 0 1
13333_2021.12_0007_57297459.png 1 0 0 1
13333_2021.12_0007_57297470.png 1 1 0 1
13333_2021.12_0007_57297461.png 1 0 0 1
13333_2021.12_0007_57297450.png 1 0 0 1
13333_2021.12_0007_57297490.png 1 0 0 1
13333_2021.12_0007_57297481.png 1 0 0 1
13333_2021.12_0007_57297479.png 1 0 0 1
13333_2021.12_0007_57297455.png 1 0 0 1
13333_2021.12_0007_57297472.png 0 1 0 1
