13333_2021.11_0003_55200215.png 1 1 0 0
13333_2021.11_0003_55200256.png 1 0 0 0
13333_2021.11_0003_55200257.png 1 0 0 0
13333_2021.11_0003_55200149.png 1 1 0 0
13333_2021.11_0003_55199971.png 1 0 0 0
13333_2021.11_0003_55200034.png 1 1 0 0
13333_2021.11_0003_55199993.png 1 0 0 0
13333_2021.11_0003_55200015.png 1 1 0 0
13333_2021.11_0003_55200244.png 1 1 0 0
13333_2021.11_0003_55200252.png 1 1 0 0
13333_2021.11_0003_55200052.png 1 1 1 0
13333_2021.11_0003_55200249.png 1 1 0 0
13333_2021.09_0005_52292530.png 1 1 1 0
13333_2021.09_0005_52292405.png 1 1 0 0
13333_2021.09_0005_52292441.png 1 1 0 0
13333_2021.09_0005_52291469.png 1 1 1 0
13333_2021.09_0005_52292521.png 1 1 1 0
13333_2020.12_0003_40594731.png 0 0 1 0
13333_2021.01_0005_41459046.png 0 0 0 1
13333_2021.01_0005_41459076.png 0 0 0 1
13333_2021.01_0005_41459039.png 0 0 0 1
13333_2021.01_0005_41459041.png 0 0 0 1
13333_2021.01_0005_41459000.png 0 0 0 1
13333_2021.01_0005_41459038.png 0 0 0 1
13333_2021.01_0005_41459043.png 0 0 0 1
13333_2021.01_0005_41459066.png 0 0 0 1
13333_2021.01_0005_41459042.png 0 0 1 1
13333_2021.01_0005_41459032.png 0 0 0 1
13333_2021.01_0005_41459035.png 0 0 0 1
