13333_2021.11_0003_55200215.png 1 1 0 0
13333_2021.11_0003_55200256.png 1 0 0 0
13333_2021.11_0003_55200257.png 1 0 0 0
13333_2021.11_0003_55200149.png 1 1 0 0
13333_2021.11_0003_55199971.png 1 0 0 0
13333_2021.11_0003_55200034.png 1 1 0 0
13333_2021.11_0003_55199993.png 1 0 0 0
13333_2021.11_0003_55200015.png 1 1 0 0
13333_2021.11_0003_55200244.png 1 1 0 0
13333_2021.11_0003_55200252.png 1 1 0 0
13333_2021.11_0003_55200052.png 1 1 1 0
13333_2021.11_0003_55200249.png 1 1 0 0
13333_2021.12_0002_57427825.png 1 1 0 0
13333_2021.12_0002_57427841.png 1 1 0 0
13333_2021.12_0002_57427832.png 1 1 0 0
13333_2021.12_0002_57427798.png 1 1 0 0
13333_2020.12_0002_39986552.png 1 0 1 0
13333_2020.12_0002_39986638.png 1 1 1 0
13333_2020.12_0002_39985221.png 1 0 1 0
13333_2021.10_0001_53188323.png 0 1 0 1
13333_2021.10_0001_53188324.png 0 1 0 1
