13333_2021.11_0000_55099537.png 1 1 0 0
13333_2021.11_0000_55099515.png 1 1 0 0
13333_2021.11_0000_55099542.png 1 1 0 0
13333_2021.11_0000_55099654.png 1 0 0 0
13333_2021.11_0000_55099519.png 1 1 0 0
13333_2021.11_0000_55099574.png 1 1 0 0
13333_2021.11_0000_55099517.png 1 1 0 0
13333_2021.11_0000_55099552.png 1 1 0 0
13333_2021.11_0000_55099530.png 1 1 0 0
13333_2021.11_0000_55099236.png 1 1 0 0
13333_2021.11_0000_55099563.png 1 0 0 0
13333_2021.12_0010_56270189.png 1 1 0 0
13333_2021.12_0010_56270184.png 1 0 0 0
13333_2021.12_0010_56270193.png 1 1 0 0
13333_2021.12_0010_56270835.png 1 0 1 0
13333_2021.12_0010_56270182.png 1 0 0 0
13333_2021.12_0010_56270178.png 1 0 0 0
13333_2021.12_0010_56270837.png 1 0 0 0
13333_2021.12_0010_56270179.png 1 1 0 0
13333_2021.12_0010_56270183.png 1 0 0 0
13333_2021.12_0010_56270846.png 1 1 0 0
13333_2021.12_0010_56270188.png 1 0 0 0
13333_2021.12_0010_56270838.png 1 0 0 0
13333_2021.12_0010_56270875.png 1 0 1 0
13333_2021.12_0010_56270186.png 1 0 0 0
13333_2021.12_0010_56270839.png 1 0 1 0
13333_2021.12_0010_56270878.png 1 0 0 0
13333_2021.12_0010_56270881.png 1 0 1 0
13333_2021.12_0010_56270869.png 1 0 0 0
13333_2021.12_0010_56270870.png 1 0 0 0
13333_2021.12_0010_56270874.png 1 0 0 0
13333_2021.12_0010_56270836.png 1 0 0 0
13333_2021.12_0010_56270876.png 1 0 1 0
13333_2021.07_0000_50128428.png 1 0 0 0
13333_2021.07_0000_50128435.png 1 0 0 0
13333_2021.07_0000_50128443.png 1 0 0 0
13333_2021.07_0000_50128426.png 1 0 0 0
13333_2021.07_0000_50128439.png 1 0 0 0
13333_2021.07_0000_50128442.png 1 0 0 0
13333_2021.07_0000_50128464.png 1 1 1 0
13333_2021.07_0000_50128467.png 1 1 1 0
13333_2021.07_0000_50128430.png 1 0 0 0
13333_2021.07_0000_50128446.png 1 0 0 0
13333_2021.07_0000_50128434.png 1 0 0 0
13333_2021.07_0000_50128451.png 1 1 1 0
13333_2021.07_0000_50128452.png 1 0 1 0
13333_2021.07_0000_50128455.png 1 1 1 0
13333_2021.07_0000_50128425.png 1 0 0 0
13333_2021.01_0005_41459203.png 1 0 0 0
13333_2021.04_0000_44779395.png 1 0 0 0
13333_2021.04_0000_44779422.png 1 0 0 0
13333_2021.04_0000_44779320.png 1 0 0 0
13333_2021.04_0000_44777725.png 1 0 0 0
13333_2021.04_0000_44777751.png 1 0 0 0
13333_2021.04_0000_44779319.png 1 0 0 0
13333_2021.11_0003_55200215.png 1 1 0 0
13333_2021.11_0003_55199946.png 0 1 0 0
13333_2021.11_0003_55199902.png 0 1 0 0
13333_2021.11_0003_55199935.png 0 1 0 0
13333_2021.11_0003_55200149.png 1 1 0 0
13333_2021.11_0003_55200034.png 1 1 0 0
13333_2021.11_0003_55200015.png 1 1 0 0
13333_2021.11_0003_55199925.png 0 1 0 0
13333_2021.11_0003_55200244.png 1 1 0 0
13333_2021.11_0003_55200252.png 1 1 0 0
13333_2021.11_0003_55200052.png 1 1 1 0
13333_2021.11_0003_55200249.png 1 1 0 0
13333_2020.12_0003_40594802.png 1 1 0 0
13333_2021.12_0000_57155753.png 0 1 1 0
13333_2021.12_0000_57155748.png 0 1 0 0
13333_2021.12_0000_57155746.png 0 1 1 0
13333_2021.12_0000_57155747.png 0 1 0 0
13333_2021.09_0003_51743350.png 0 1 0 0
13333_2021.09_0003_51743353.png 1 1 0 0
13333_2021.09_0003_51743343.png 0 1 0 0
13333_2021.09_0003_51743348.png 0 1 0 0
13333_2021.09_0003_51743331.png 0 1 1 0
13333_2021.01_0000_41224567.png 0 1 1 0
13333_2021.01_0000_41225642.png 0 1 0 0
13333_2021.01_0000_41224354.png 0 1 0 0
13333_2021.01_0000_41224069.png 0 1 0 0
13333_2021.01_0000_41225574.png 0 1 1 0
13333_2021.01_0000_41224861.png 0 1 1 0
13333_2021.01_0000_41224367.png 0 1 0 0
13333_2020.12_0002_39986552.png 1 0 1 0
13333_2020.12_0002_39986638.png 1 1 1 0
13333_2020.12_0002_39985221.png 1 0 1 0
13333_2021.12_0004_57458530.png 0 0 1 0
13333_2021.12_0004_57458540.png 0 0 1 0
13333_2021.12_0004_57458549.png 0 0 1 0
13333_2021.12_0004_57458607.png 0 0 1 0
13333_2021.12_0004_57458547.png 0 0 1 0
13333_2021.12_0004_57458545.png 0 0 1 0
13333_2021.12_0004_57458557.png 0 0 1 0
13333_2021.12_0004_57458541.png 0 0 1 0
13333_2021.12_0004_57458542.png 0 0 1 0
13333_2021.12_0004_57458532.png 0 0 1 0
13333_2021.12_0004_57458608.png 0 0 1 0
13333_2021.12_0004_57458526.png 0 0 1 0
13333_2021.12_0004_57458552.png 0 0 1 0
13333_2021.12_0004_57458598.png 0 0 1 0
13333_2021.12_0004_57458597.png 0 0 1 0
13333_2021.12_0004_57458551.png 0 0 1 0
13333_2021.12_0004_57458544.png 0 0 1 0
13333_2021.12_0004_57458546.png 0 0 1 0
13333_2021.12_0004_57458548.png 0 0 1 0
13333_2021.12_0009_56515365.png 0 0 1 0
13333_2021.12_0009_56515469.png 0 1 1 0
13333_2021.12_0009_56515337.png 0 1 1 0
13333_2021.12_0009_56514185.png 0 0 1 0
13333_2021.12_0009_56514471.png 0 0 1 0
13333_2021.12_0009_56514460.png 0 0 1 0
13333_2021.12_0009_56514465.png 0 0 1 0
13333_2021.12_0009_56515481.png 0 1 1 0
13333_2021.12_0009_56515504.png 0 0 1 0
13333_2021.12_0009_56514383.png 0 0 1 0
13333_2021.01_0003_41583318.png 0 0 1 0
13333_2021.01_0003_41583307.png 0 0 1 0
13333_2021.01_0003_41583338.png 1 1 1 0
13333_2021.01_0003_41332455.png 0 0 1 0
13333_2021.01_0003_41331736.png 1 1 1 0
13333_2021.01_0003_41332083.png 0 0 1 0
13333_2021.01_0003_41583237.png 0 0 1 0
13333_2021.01_0003_41332150.png 0 0 1 0
13333_2021.01_0003_41583369.png 1 0 1 0
13333_2021.01_0003_41332453.png 0 0 1 0
13333_2021.01_0003_41583339.png 0 1 1 0
13333_2021.01_0003_41332457.png 0 0 1 0
13333_2021.01_0003_41332458.png 0 0 1 0
13333_2021.01_0003_41332451.png 0 1 1 0
13333_2021.01_0003_41583134.png 1 0 1 0
13333_2021.04_0003_44800690.png 0 0 1 0
13333_2021.11_0002_54971866.png 1 0 0 1
13333_2021.12_0007_57297486.png 1 0 0 1
13333_2021.12_0007_57297468.png 1 1 1 1
13333_2021.12_0007_57297457.png 1 1 0 1
13333_2021.12_0007_57297477.png 1 0 0 1
13333_2021.12_0007_57297466.png 0 1 1 1
13333_2021.12_0007_57297475.png 0 1 1 1
13333_2021.12_0007_57297483.png 1 0 0 1
13333_2021.12_0007_57297448.png 1 0 0 1
13333_2021.12_0007_57297459.png 1 0 0 1
13333_2021.12_0007_57297470.png 1 1 0 1
13333_2021.12_0007_57297461.png 1 0 0 1
13333_2021.12_0007_57297450.png 1 0 0 1
13333_2021.12_0007_57297490.png 1 0 0 1
13333_2021.12_0007_57297481.png 1 0 0 1
13333_2021.12_0007_57297479.png 1 0 0 1
13333_2021.12_0007_57297455.png 1 0 0 1
13333_2021.12_0007_57297472.png 0 1 0 1
13333_2021.09_0002_51747297.png 1 0 1 1
13333_2021.08_0004_51381618.png 1 1 0 1
13333_2021.08_0004_51381104.png 1 1 0 1
13333_2021.10_0001_53188323.png 0 1 0 1
13333_2021.10_0001_53188324.png 0 1 0 1
