13333_2021.11_0003_55200215.png 1 1 0 0
13333_2021.11_0003_55200256.png 1 0 0 0
13333_2021.11_0003_55200257.png 1 0 0 0
13333_2021.11_0003_55200149.png 1 1 0 0
13333_2021.11_0003_55199971.png 1 0 0 0
13333_2021.11_0003_55200034.png 1 1 0 0
13333_2021.11_0003_55199993.png 1 0 0 0
13333_2021.11_0003_55200015.png 1 1 0 0
13333_2021.11_0003_55200244.png 1 1 0 0
13333_2021.11_0003_55200252.png 1 1 0 0
13333_2021.11_0003_55200052.png 1 1 1 0
13333_2021.11_0003_55200249.png 1 1 0 0
13333_2020.12_0001_40013562.png 1 0 0 0
13333_2020.12_0001_40013309.png 1 0 0 0
13333_2021.12_0001_56922642.png 1 0 0 0
13333_2021.12_0001_56922619.png 1 0 0 0
13333_2021.12_0001_56922635.png 1 1 0 0
13333_2021.12_0001_56922547.png 1 0 0 0
13333_2021.12_0001_56922621.png 1 0 0 0
13333_2021.12_0001_56922626.png 1 1 0 0
13333_2021.12_0001_56922629.png 1 0 0 0
13333_2021.12_0001_56922536.png 1 0 0 0
13333_2021.12_0001_56922546.png 1 1 0 0
13333_2021.12_0001_56922630.png 1 0 0 0
13333_2021.12_0001_56922535.png 1 0 0 0
13333_2021.12_0001_56922622.png 1 0 0 0
13333_2021.12_0001_56922631.png 1 0 0 0
13333_2021.12_0001_56922543.png 1 0 0 0
13333_2021.12_0001_56922639.png 1 0 1 0
13333_2021.12_0001_56922638.png 1 0 0 0
13333_2021.12_0001_56922627.png 1 1 0 0
13333_2021.12_0001_56922641.png 1 0 0 0
13333_2021.12_0001_56922643.png 1 0 0 0
13333_2021.12_0001_56922548.png 1 0 0 0
13333_2021.12_0001_56922640.png 1 1 0 0
13333_2021.12_0001_56922633.png 1 0 0 0
13333_2021.12_0001_56922544.png 1 0 1 0
13333_2021.12_0001_56922609.png 1 0 0 0
13333_2021.12_0001_56922636.png 1 1 0 0
13333_2021.12_0001_56922541.png 1 0 0 0
13333_2021.12_0001_56922637.png 1 1 0 0
13333_2021.12_0001_56922634.png 1 0 0 0
13333_2021.12_0004_57457174.png 1 0 0 0
13333_2021.12_0004_56718682.png 1 1 0 0
13333_2021.12_0004_57457165.png 1 0 0 0
13333_2021.12_0004_57457180.png 1 0 0 0
13333_2021.12_0009_56514302.png 1 1 0 0
13333_2021.12_0005_56232338.png 1 0 0 0
13333_2021.12_0005_56232422.png 1 0 0 0
13333_2021.12_0005_56231656.png 1 0 0 0
13333_2021.12_0005_56232336.png 1 0 0 0
13333_2021.12_0005_56232309.png 1 0 0 0
13333_2021.12_0005_56232347.png 1 0 0 0
13333_2021.12_0005_56231475.png 1 0 0 0
13333_2021.12_0005_56231867.png 1 0 0 0
13333_2021.12_0005_56232403.png 1 0 0 0
13333_2021.07_0003_49851443.png 1 0 0 0
13333_2021.07_0003_49851447.png 1 0 0 0
13333_2021.07_0003_49851445.png 1 0 0 0
13333_2021.07_0003_49851370.png 1 0 0 0
13333_2021.07_0003_49851474.png 1 0 0 0
13333_2021.09_0002_51747303.png 1 1 0 0
13333_2021.09_0002_51747301.png 1 1 1 0
13333_2021.09_0002_51747297.png 1 0 1 1
13333_2021.09_0002_51747300.png 1 1 0 0
13333_2021.09_0002_51747299.png 1 0 1 0
13333_2021.09_0002_51747302.png 1 1 0 0
13333_2021.01_0005_41459203.png 1 0 0 0
13333_2021.03_0002_42874428.png 1 0 1 0
13333_2021.03_0002_42874780.png 1 0 0 0
13333_2021.03_0002_42874618.png 1 0 0 0
13333_2021.03_0002_42874645.png 1 0 0 0
13333_2021.03_0002_42874601.png 1 1 0 0
13333_2021.03_0002_42874062.png 1 1 0 0
13333_2021.03_0002_42874632.png 1 0 1 0
13333_2021.03_0002_42874087.png 1 1 0 0
13333_2021.03_0002_42874016.png 1 1 1 0
13333_2021.03_0002_42874073.png 1 1 0 0
13333_2021.03_0002_42874429.png 1 0 1 0
13333_2021.03_0002_42874591.png 1 0 0 0
13333_2021.03_0002_42874729.png 1 0 0 0
13333_2021.03_0002_42874028.png 1 1 0 0
13333_2021.03_0002_42874634.png 1 0 0 0
13333_2021.03_0002_42874173.png 1 1 0 0
13333_2021.03_0002_42874631.png 1 0 0 0
13333_2021.03_0002_42874665.png 1 0 0 0
13333_2021.03_0002_42874650.png 1 0 0 0
13333_2021.11_0001_55806222.png 0 1 0 0
13333_2021.11_0000_55099537.png 1 1 0 0
13333_2021.11_0000_55099515.png 1 1 0 0
13333_2021.11_0000_55099514.png 0 1 0 0
13333_2021.11_0000_55099542.png 1 1 0 0
13333_2021.11_0000_55098892.png 0 1 0 0
13333_2021.11_0000_55098883.png 0 1 0 0
13333_2021.11_0000_55098894.png 0 1 0 0
13333_2021.11_0000_55099519.png 1 1 0 0
13333_2021.11_0000_55099608.png 0 1 0 0
13333_2021.11_0000_55098886.png 0 1 0 0
13333_2021.11_0000_55098893.png 0 1 0 0
13333_2021.11_0000_55099574.png 1 1 0 0
13333_2021.11_0000_55099517.png 1 1 0 0
13333_2021.11_0000_55099552.png 1 1 0 0
13333_2021.11_0000_55099630.png 0 1 0 0
13333_2021.11_0000_55098885.png 0 1 0 0
13333_2021.11_0000_55099619.png 0 1 0 0
13333_2021.11_0000_55098859.png 0 1 0 0
13333_2021.11_0000_55098889.png 0 1 0 0
13333_2021.11_0000_55099665.png 0 1 0 0
13333_2021.11_0000_55099586.png 0 1 0 0
13333_2021.11_0000_55099530.png 1 1 0 0
13333_2021.11_0000_55099680.png 0 1 0 0
13333_2021.11_0000_55098888.png 0 1 0 0
13333_2021.11_0000_55098867.png 0 1 0 0
13333_2021.11_0000_55098293.png 0 1 0 0
13333_2021.11_0000_55099236.png 1 1 0 0
13333_2021.11_0000_55098863.png 0 1 0 0
13333_2021.11_0000_55099597.png 0 1 0 0
13333_2021.11_0000_55098891.png 0 1 0 0
13333_2021.11_0000_55098895.png 0 1 0 0
13333_2021.11_0000_55099704.png 0 1 0 0
13333_2021.12_0002_57427825.png 1 1 0 0
13333_2021.12_0002_57427841.png 1 1 0 0
13333_2021.12_0002_57427832.png 1 1 0 0
13333_2021.12_0002_57427798.png 1 1 0 0
13333_2021.12_0010_56270844.png 0 1 0 0
13333_2021.12_0010_56270879.png 0 1 0 0
13333_2021.12_0010_56270189.png 1 1 0 0
13333_2021.12_0010_56270187.png 0 1 0 0
13333_2021.12_0010_56270193.png 1 1 0 0
13333_2021.12_0010_56270185.png 0 1 1 0
13333_2021.12_0010_56270179.png 1 1 0 0
13333_2021.12_0010_56270846.png 1 1 0 0
13333_2021.12_0010_56270877.png 0 1 0 0
13333_2021.12_0010_56270192.png 0 1 0 0
13333_2021.12_0010_56270196.png 0 1 0 0
13333_2021.12_0007_57297468.png 1 1 1 1
13333_2021.12_0007_57297457.png 1 1 0 1
13333_2021.12_0007_57297464.png 1 1 1 0
13333_2021.12_0007_57297466.png 0 1 1 1
13333_2021.12_0007_57297475.png 0 1 1 1
13333_2021.12_0007_57297439.png 1 1 0 0
13333_2021.12_0007_57297501.png 0 1 0 0
13333_2021.12_0007_57297526.png 1 1 1 0
13333_2021.12_0007_57297495.png 0 1 0 0
13333_2021.12_0007_57297435.png 1 1 0 0
13333_2021.12_0007_57297470.png 1 1 0 1
13333_2021.12_0007_57297488.png 1 1 0 0
13333_2021.12_0007_57297433.png 1 1 1 0
13333_2021.12_0007_57297503.png 0 1 0 0
13333_2021.12_0007_57297517.png 0 1 0 0
13333_2021.12_0007_57297430.png 1 1 1 0
13333_2021.12_0007_57297499.png 0 1 0 0
13333_2021.12_0007_57297472.png 0 1 0 1
13333_2021.12_0007_57297437.png 1 1 0 0
13333_2021.07_0000_50128464.png 1 1 1 0
13333_2021.07_0000_50128467.png 1 1 1 0
13333_2021.07_0000_50128451.png 1 1 1 0
13333_2021.07_0000_50128455.png 1 1 1 0
13333_2021.01_0003_41583338.png 1 1 1 0
13333_2021.01_0003_41331736.png 1 1 1 0
13333_2021.01_0003_41332452.png 0 1 0 0
13333_2021.01_0003_41332454.png 0 1 0 0
13333_2021.01_0003_41583112.png 0 1 0 0
13333_2021.01_0003_41583339.png 0 1 1 0
13333_2021.01_0003_41583135.png 0 1 0 0
13333_2021.01_0003_41332459.png 0 1 0 0
13333_2021.01_0003_41332451.png 0 1 1 0
13333_2021.01_0004_41724070.png 0 1 0 0
13333_2021.01_0004_41723550.png 0 1 0 0
13333_2021.01_0004_41723783.png 0 1 0 0
13333_2021.01_0004_41723893.png 0 1 0 0
13333_2021.01_0004_41723918.png 0 1 0 0
13333_2021.01_0004_41724033.png 0 1 0 0
13333_2021.01_0004_41724582.png 0 1 0 0
13333_2021.06_0000_48587447.png 0 1 0 0
13333_2021.06_0000_48586815.png 0 1 0 0
13333_2021.06_0000_48586793.png 0 1 0 0
13333_2021.06_0000_48586851.png 0 1 0 0
13333_2021.04_0003_44800992.png 0 1 0 0
13333_2021.04_0003_44800995.png 0 1 0 0
13333_2021.04_0003_44800997.png 0 1 0 0
13333_2021.04_0003_44800999.png 0 1 0 0
13333_2021.11_0004_55473664.png 0 0 1 0
13333_2021.11_0004_55473661.png 0 0 1 0
13333_2021.11_0004_55473659.png 0 0 1 0
13333_2020.12_0003_40594731.png 0 0 1 0
13333_2020.12_0000_39831602.png 0 0 1 0
13333_2020.12_0000_39831946.png 0 0 1 0
13333_2020.12_0000_39831949.png 0 0 1 0
13333_2020.12_0000_39831706.png 0 0 1 0
13333_2020.12_0000_39831534.png 0 0 1 0
13333_2021.12_0000_57155543.png 1 0 1 0
13333_2021.12_0000_57155753.png 0 1 1 0
13333_2021.12_0000_57155751.png 0 0 1 0
13333_2021.12_0000_57155683.png 0 0 1 0
13333_2021.12_0000_57155749.png 1 0 1 0
13333_2021.12_0000_57155750.png 0 0 1 0
13333_2021.12_0000_57155746.png 0 1 1 0
13333_2021.12_0000_57155542.png 0 0 1 0
13333_2021.09_0003_51743331.png 0 1 1 0
13333_2021.09_0003_51743352.png 0 0 1 0
13333_2021.09_0001_51688686.png 0 0 1 1
13333_2021.09_0001_51688679.png 0 0 1 1
13333_2021.09_0001_51689177.png 0 0 1 0
13333_2021.09_0001_51688677.png 0 0 1 1
13333_2021.09_0001_51688676.png 0 0 1 1
13333_2021.09_0001_51688684.png 0 0 1 1
13333_2021.09_0001_51688586.png 1 0 1 0
13333_2021.09_0001_51689919.png 1 0 1 0
13333_2021.09_0001_51688678.png 0 0 1 1
13333_2021.09_0001_51689914.png 0 1 1 0
13333_2021.09_0001_51689178.png 0 0 1 0
13333_2021.09_0001_51688687.png 0 0 1 1
13333_2021.09_0001_51688583.png 1 0 1 0
13333_2021.09_0001_51688688.png 0 0 1 1
13333_2021.09_0001_51688681.png 0 0 1 1
13333_2021.09_0001_51688675.png 0 0 1 1
13333_2021.09_0001_51689167.png 1 0 1 0
13333_2021.09_0001_51688683.png 0 0 1 1
13333_2021.09_0004_52719674.png 0 0 1 0
13333_2021.09_0004_52719508.png 0 0 1 0
13333_2021.09_0004_52719617.png 0 0 1 0
13333_2021.09_0004_52720500.png 0 0 1 0
13333_2021.08_0007_51346048.png 0 0 1 1
13333_2021.08_0007_51345236.png 0 1 1 0
13333_2021.08_0007_50950824.png 0 0 1 1
13333_2021.08_0007_51346424.png 1 0 1 0
13333_2021.08_0007_50955025.png 0 0 1 0
13333_2021.08_0007_50951398.png 0 1 1 0
13333_2021.08_0007_51346049.png 0 0 1 1
13333_2021.08_0007_50953156.png 0 0 1 0
13333_2021.08_0007_51342969.png 0 1 1 0
13333_2021.08_0007_51342960.png 0 1 1 0
13333_2021.08_0007_50953340.png 0 0 1 0
13333_2021.08_0007_51346052.png 0 0 1 1
13333_2021.08_0007_50951400.png 0 0 1 0
13333_2021.08_0007_51346099.png 0 0 1 1
13333_2021.08_0007_51342586.png 0 0 1 0
13333_2021.08_0007_50953537.png 0 0 1 0
13333_2021.08_0007_51342947.png 0 0 1 0
13333_2021.08_0007_50950777.png 0 0 1 0
13333_2021.08_0007_51341839.png 0 0 1 0
13333_2021.08_0007_50953118.png 0 0 1 0
13333_2021.08_0007_51343297.png 0 0 1 0
13333_2021.08_0007_50953515.png 0 1 1 0
13333_2021.08_0007_51344971.png 0 0 1 0
13333_2021.08_0007_51342929.png 0 0 1 0
13333_2021.08_0007_50953344.png 0 0 1 0
13333_2021.08_0007_51345153.png 0 0 1 0
13333_2021.08_0007_51341842.png 0 0 1 0
13333_2021.08_0007_51341880.png 0 0 1 0
13333_2021.08_0007_50955028.png 0 0 1 0
13333_2021.08_0007_50953469.png 0 0 1 0
13333_2021.08_0007_51342950.png 0 1 1 0
13333_2021.08_0007_50954576.png 0 1 1 0
13333_2021.08_0007_51342211.png 0 0 1 0
13333_2021.08_0007_50954371.png 0 1 1 0
13333_2021.08_0007_51341619.png 0 0 1 0
13333_2021.08_0007_50951396.png 0 0 1 0
13333_2021.08_0007_51343705.png 0 0 1 0
13333_2021.08_0007_50955104.png 0 0 1 0
13333_2021.08_0007_51342924.png 0 0 1 0
13333_2021.08_0007_51341580.png 0 0 1 0
13333_2021.08_0007_51342964.png 0 1 1 0
13333_2021.08_0007_51343709.png 0 0 1 0
13333_2021.08_0007_51343398.png 0 0 1 0
13333_2021.01_0000_41224567.png 0 1 1 0
13333_2021.01_0000_41224617.png 1 0 1 0
13333_2021.01_0000_41224395.png 0 0 1 0
13333_2021.01_0000_41225574.png 0 1 1 0
13333_2021.01_0000_41224708.png 1 0 1 0
13333_2021.01_0000_41224861.png 0 1 1 0
13333_2021.01_0000_41224097.png 0 0 1 0
13333_2021.04_0000_44779602.png 0 0 1 0
13333_2021.11_0002_54971866.png 1 0 0 1
13333_2021.08_0004_51381618.png 1 1 0 1
13333_2021.08_0004_51381104.png 1 1 0 1
13333_2021.10_0001_53188323.png 0 1 0 1
13333_2021.10_0001_53188324.png 0 1 0 1
