13333_2020.12_0001_40013562.png 1 0 0 0
13333_2020.12_0001_40013309.png 1 0 0 0
13333_2021.12_0003_57524886.png 1 0 0 0
13333_2021.12_0010_56270189.png 1 1 0 0
13333_2021.12_0010_56270184.png 1 0 0 0
13333_2021.12_0010_56270193.png 1 1 0 0
13333_2021.12_0010_56270835.png 1 0 1 0
13333_2021.12_0010_56270182.png 1 0 0 0
13333_2021.12_0010_56270178.png 1 0 0 0
13333_2021.12_0010_56270837.png 1 0 0 0
13333_2021.12_0010_56270179.png 1 1 0 0
13333_2021.12_0010_56270183.png 1 0 0 0
13333_2021.12_0010_56270846.png 1 1 0 0
13333_2021.12_0010_56270188.png 1 0 0 0
13333_2021.12_0010_56270838.png 1 0 0 0
13333_2021.12_0010_56270875.png 1 0 1 0
13333_2021.12_0010_56270186.png 1 0 0 0
13333_2021.12_0010_56270839.png 1 0 1 0
13333_2021.12_0010_56270878.png 1 0 0 0
13333_2021.12_0010_56270881.png 1 0 1 0
13333_2021.12_0010_56270869.png 1 0 0 0
13333_2021.12_0010_56270870.png 1 0 0 0
13333_2021.12_0010_56270874.png 1 0 0 0
13333_2021.12_0010_56270836.png 1 0 0 0
13333_2021.12_0010_56270876.png 1 0 1 0
13333_2021.12_0005_56232338.png 1 0 0 0
13333_2021.12_0005_56232422.png 1 0 0 0
13333_2021.12_0005_56231656.png 1 0 0 0
13333_2021.12_0005_56232336.png 1 0 0 0
13333_2021.12_0005_56232309.png 1 0 0 0
13333_2021.12_0005_56232347.png 1 0 0 0
13333_2021.12_0005_56231475.png 1 0 0 0
13333_2021.12_0005_56231867.png 1 0 0 0
13333_2021.12_0005_56232403.png 1 0 0 0
13333_2021.07_0003_49851443.png 1 0 0 0
13333_2021.07_0003_49851447.png 1 0 0 0
13333_2021.07_0003_49851445.png 1 0 0 0
13333_2021.07_0003_49851370.png 1 0 0 0
13333_2021.07_0003_49851474.png 1 0 0 0
13333_2021.09_0003_51743351.png 1 0 0 0
13333_2021.09_0003_51743353.png 1 1 0 0
13333_2021.09_0003_51743225.png 1 0 0 0
13333_2021.09_0005_52292070.png 1 0 0 0
13333_2021.09_0005_52292503.png 1 0 0 0
13333_2021.09_0005_52291830.png 1 0 0 0
13333_2021.09_0005_52292530.png 1 1 1 0
13333_2021.09_0005_52292442.png 1 0 1 0
13333_2021.09_0005_52291888.png 1 0 0 0
13333_2021.09_0005_52291631.png 1 0 0 0
13333_2021.09_0005_52292405.png 1 1 0 0
13333_2021.09_0005_52292441.png 1 1 0 0
13333_2021.09_0005_52291745.png 1 0 0 0
13333_2021.09_0005_52291934.png 1 0 0 0
13333_2021.09_0005_52292837.png 1 0 0 0
13333_2021.09_0005_52291469.png 1 1 1 0
13333_2021.09_0005_52292521.png 1 1 1 0
13333_2021.09_0005_52291994.png 1 0 0 0
13333_2021.09_0005_52292695.png 1 0 1 0
13333_2021.09_0005_52292083.png 1 0 1 0
13333_2021.09_0005_52293095.png 1 0 1 0
13333_2021.09_0005_52292889.png 1 0 0 0
13333_2021.09_0005_52291670.png 1 0 0 0
13333_2021.09_0005_52292291.png 1 0 0 0
13333_2021.09_0005_52291501.png 1 0 0 0
13333_2021.08_0004_51381902.png 1 1 0 0
13333_2021.08_0004_51380823.png 1 1 0 0
13333_2021.08_0004_51382125.png 1 1 0 0
13333_2021.08_0004_51381618.png 1 1 0 1
13333_2021.08_0004_51381104.png 1 1 0 1
13333_2021.08_0004_51380738.png 1 1 0 0
13333_2021.08_0004_51380737.png 1 1 0 0
13333_2021.08_0004_51381317.png 1 1 0 0
13333_2021.08_0004_51381059.png 1 1 1 0
13333_2021.08_0004_51382139.png 1 1 0 0
13333_2021.08_0004_51380821.png 1 1 0 0
13333_2021.08_0004_51380739.png 1 1 0 0
13333_2021.08_0004_51380736.png 1 1 0 0
13333_2021.08_0004_51380820.png 1 1 0 0
13333_2021.08_0004_51381802.png 1 1 0 0
13333_2021.08_0004_51380741.png 1 1 0 0
13333_2021.01_0005_41459203.png 1 0 0 0
13333_2021.04_0000_44779395.png 1 0 0 0
13333_2021.04_0000_44779422.png 1 0 0 0
13333_2021.04_0000_44779320.png 1 0 0 0
13333_2021.04_0000_44777725.png 1 0 0 0
13333_2021.04_0000_44777751.png 1 0 0 0
13333_2021.04_0000_44779319.png 1 0 0 0
13333_2021.11_0003_55200215.png 1 1 0 0
13333_2021.11_0003_55199946.png 0 1 0 0
13333_2021.11_0003_55199902.png 0 1 0 0
13333_2021.11_0003_55199935.png 0 1 0 0
13333_2021.11_0003_55200149.png 1 1 0 0
13333_2021.11_0003_55200034.png 1 1 0 0
13333_2021.11_0003_55200015.png 1 1 0 0
13333_2021.11_0003_55199925.png 0 1 0 0
13333_2021.11_0003_55200244.png 1 1 0 0
13333_2021.11_0003_55200252.png 1 1 0 0
13333_2021.11_0003_55200052.png 1 1 1 0
13333_2021.11_0003_55200249.png 1 1 0 0
13333_2021.11_0004_55473187.png 0 1 0 0
13333_2021.11_0004_55473188.png 0 1 0 0
13333_2021.11_0004_55473930.png 0 1 0 0
13333_2021.11_0004_55473189.png 0 1 0 0
13333_2021.11_0004_55473186.png 0 1 0 0
13333_2020.12_0004_39803195.png 0 1 0 0
13333_2020.12_0004_39803044.png 1 1 0 0
13333_2020.12_0004_39803046.png 1 1 0 0
13333_2020.12_0004_39803039.png 1 1 0 0
13333_2020.12_0004_39803043.png 1 1 0 0
13333_2020.12_0004_39803041.png 0 1 0 0
13333_2020.12_0004_39803040.png 0 1 0 0
13333_2021.12_0001_56922635.png 1 1 0 0
13333_2021.12_0001_56922626.png 1 1 0 0
13333_2021.12_0001_56922546.png 1 1 0 0
13333_2021.12_0001_56922627.png 1 1 0 0
13333_2021.12_0001_56922523.png 0 1 0 0
13333_2021.12_0001_56922640.png 1 1 0 0
13333_2021.12_0001_56922636.png 1 1 0 0
13333_2021.12_0001_56922637.png 1 1 0 0
13333_2021.12_0007_57297468.png 1 1 1 1
13333_2021.12_0007_57297457.png 1 1 0 1
13333_2021.12_0007_57297464.png 1 1 1 0
13333_2021.12_0007_57297466.png 0 1 1 1
13333_2021.12_0007_57297475.png 0 1 1 1
13333_2021.12_0007_57297439.png 1 1 0 0
13333_2021.12_0007_57297501.png 0 1 0 0
13333_2021.12_0007_57297526.png 1 1 1 0
13333_2021.12_0007_57297495.png 0 1 0 0
13333_2021.12_0007_57297435.png 1 1 0 0
13333_2021.12_0007_57297470.png 1 1 0 1
13333_2021.12_0007_57297488.png 1 1 0 0
13333_2021.12_0007_57297433.png 1 1 1 0
13333_2021.12_0007_57297503.png 0 1 0 0
13333_2021.12_0007_57297517.png 0 1 0 0
13333_2021.12_0007_57297430.png 1 1 1 0
13333_2021.12_0007_57297499.png 0 1 0 0
13333_2021.12_0007_57297472.png 0 1 0 1
13333_2021.12_0007_57297437.png 1 1 0 0
13333_2021.12_0006_55977222.png 1 1 0 0
13333_2021.12_0006_55977210.png 0 1 0 0
13333_2021.12_0006_55977223.png 0 1 0 0
13333_2021.12_0006_55977207.png 0 1 0 0
13333_2021.12_0006_55977220.png 0 1 0 0
13333_2021.12_0006_55977219.png 0 1 0 0
13333_2021.12_0006_55977217.png 0 1 0 0
13333_2021.12_0006_55977221.png 0 1 0 0
13333_2021.12_0006_55977211.png 0 1 0 0
13333_2021.12_0006_55977205.png 0 1 0 0
13333_2021.07_0000_50128464.png 1 1 1 0
13333_2021.07_0000_50128467.png 1 1 1 0
13333_2021.07_0000_50128451.png 1 1 1 0
13333_2021.07_0000_50128455.png 1 1 1 0
13333_2021.09_0002_51747303.png 1 1 0 0
13333_2021.09_0002_51747301.png 1 1 1 0
13333_2021.09_0002_51747300.png 1 1 0 0
13333_2021.09_0002_51747298.png 0 1 1 0
13333_2021.09_0002_51747302.png 1 1 0 0
13333_2021.06_0000_48587447.png 0 1 0 0
13333_2021.06_0000_48586815.png 0 1 0 0
13333_2021.06_0000_48586793.png 0 1 0 0
13333_2021.06_0000_48586851.png 0 1 0 0
13333_2021.03_0002_42874388.png 0 1 1 0
13333_2021.03_0002_42874498.png 0 1 0 0
13333_2021.03_0002_42874496.png 0 1 0 0
13333_2021.03_0002_42874601.png 1 1 0 0
13333_2021.03_0002_42874062.png 1 1 0 0
13333_2021.03_0002_42874063.png 0 1 0 0
13333_2021.03_0002_42874087.png 1 1 0 0
13333_2021.03_0002_42874284.png 0 1 0 0
13333_2021.03_0002_42874016.png 1 1 1 0
13333_2021.03_0002_42874073.png 1 1 0 0
13333_2021.03_0002_42874571.png 0 1 0 0
13333_2021.03_0002_42874112.png 0 1 0 0
13333_2021.03_0002_42874082.png 0 1 0 0
13333_2021.03_0002_42874022.png 0 1 0 0
13333_2021.03_0002_42874298.png 0 1 0 0
13333_2021.03_0002_42874342.png 0 1 0 0
13333_2021.03_0002_42874297.png 0 1 0 0
13333_2021.03_0002_42874572.png 0 1 0 0
13333_2021.03_0002_42874558.png 0 1 0 0
13333_2021.03_0002_42874544.png 0 1 0 0
13333_2021.03_0002_42874326.png 0 1 1 0
13333_2021.03_0002_42874503.png 0 1 0 0
13333_2021.03_0002_42874461.png 0 1 0 0
13333_2021.03_0002_42874344.png 0 1 1 0
13333_2021.03_0002_42874028.png 1 1 0 0
13333_2021.03_0002_42874398.png 0 1 1 0
13333_2021.03_0002_42874173.png 1 1 0 0
13333_2021.03_0002_42874611.png 0 1 0 0
13333_2021.03_0002_42874287.png 0 1 0 0
13333_2021.03_0002_42874502.png 0 1 0 0
13333_2021.03_0002_42874504.png 0 1 0 0
13333_2021.03_0002_42874327.png 0 1 1 0
13333_2021.03_0002_42874568.png 0 1 0 0
13333_2021.03_0002_42874501.png 0 1 0 0
13333_2021.11_0001_55806986.png 0 0 1 0
13333_2020.12_0003_40594731.png 0 0 1 0
13333_2021.12_0009_56515365.png 0 0 1 0
13333_2021.12_0009_56515469.png 0 1 1 0
13333_2021.12_0009_56515337.png 0 1 1 0
13333_2021.12_0009_56514185.png 0 0 1 0
13333_2021.12_0009_56514471.png 0 0 1 0
13333_2021.12_0009_56514460.png 0 0 1 0
13333_2021.12_0009_56514465.png 0 0 1 0
13333_2021.12_0009_56515481.png 0 1 1 0
13333_2021.12_0009_56515504.png 0 0 1 0
13333_2021.12_0009_56514383.png 0 0 1 0
13333_2021.12_0000_57155543.png 1 0 1 0
13333_2021.12_0000_57155753.png 0 1 1 0
13333_2021.12_0000_57155751.png 0 0 1 0
13333_2021.12_0000_57155683.png 0 0 1 0
13333_2021.12_0000_57155749.png 1 0 1 0
13333_2021.12_0000_57155750.png 0 0 1 0
13333_2021.12_0000_57155746.png 0 1 1 0
13333_2021.12_0000_57155542.png 0 0 1 0
13333_2021.07_0001_50072119.png 1 1 1 0
13333_2021.07_0001_50072198.png 1 0 1 0
13333_2021.07_0001_50072470.png 1 0 1 0
13333_2021.07_0001_50072170.png 1 0 1 0
13333_2021.07_0001_50072151.png 1 1 1 0
13333_2021.07_0001_50072802.png 1 0 1 0
13333_2021.07_0001_50072200.png 1 0 1 0
13333_2021.07_0001_50072313.png 1 0 1 0
13333_2021.09_0001_51688686.png 0 0 1 1
13333_2021.09_0001_51688679.png 0 0 1 1
13333_2021.09_0001_51689177.png 0 0 1 0
13333_2021.09_0001_51688677.png 0 0 1 1
13333_2021.09_0001_51688676.png 0 0 1 1
13333_2021.09_0001_51688684.png 0 0 1 1
13333_2021.09_0001_51688586.png 1 0 1 0
13333_2021.09_0001_51689919.png 1 0 1 0
13333_2021.09_0001_51688678.png 0 0 1 1
13333_2021.09_0001_51689914.png 0 1 1 0
13333_2021.09_0001_51689178.png 0 0 1 0
13333_2021.09_0001_51688687.png 0 0 1 1
13333_2021.09_0001_51688583.png 1 0 1 0
13333_2021.09_0001_51688688.png 0 0 1 1
13333_2021.09_0001_51688681.png 0 0 1 1
13333_2021.09_0001_51688675.png 0 0 1 1
13333_2021.09_0001_51689167.png 1 0 1 0
13333_2021.09_0001_51688683.png 0 0 1 1
13333_2021.08_0007_51346048.png 0 0 1 1
13333_2021.08_0007_51345236.png 0 1 1 0
13333_2021.08_0007_50950824.png 0 0 1 1
13333_2021.08_0007_51346424.png 1 0 1 0
13333_2021.08_0007_50955025.png 0 0 1 0
13333_2021.08_0007_50951398.png 0 1 1 0
13333_2021.08_0007_51346049.png 0 0 1 1
13333_2021.08_0007_50953156.png 0 0 1 0
13333_2021.08_0007_51342969.png 0 1 1 0
13333_2021.08_0007_51342960.png 0 1 1 0
13333_2021.08_0007_50953340.png 0 0 1 0
13333_2021.08_0007_51346052.png 0 0 1 1
13333_2021.08_0007_50951400.png 0 0 1 0
13333_2021.08_0007_51346099.png 0 0 1 1
13333_2021.08_0007_51342586.png 0 0 1 0
13333_2021.08_0007_50953537.png 0 0 1 0
13333_2021.08_0007_51342947.png 0 0 1 0
13333_2021.08_0007_50950777.png 0 0 1 0
13333_2021.08_0007_51341839.png 0 0 1 0
13333_2021.08_0007_50953118.png 0 0 1 0
13333_2021.08_0007_51343297.png 0 0 1 0
13333_2021.08_0007_50953515.png 0 1 1 0
13333_2021.08_0007_51344971.png 0 0 1 0
13333_2021.08_0007_51342929.png 0 0 1 0
13333_2021.08_0007_50953344.png 0 0 1 0
13333_2021.08_0007_51345153.png 0 0 1 0
13333_2021.08_0007_51341842.png 0 0 1 0
13333_2021.08_0007_51341880.png 0 0 1 0
13333_2021.08_0007_50955028.png 0 0 1 0
13333_2021.08_0007_50953469.png 0 0 1 0
13333_2021.08_0007_51342950.png 0 1 1 0
13333_2021.08_0007_50954576.png 0 1 1 0
13333_2021.08_0007_51342211.png 0 0 1 0
13333_2021.08_0007_50954371.png 0 1 1 0
13333_2021.08_0007_51341619.png 0 0 1 0
13333_2021.08_0007_50951396.png 0 0 1 0
13333_2021.08_0007_51343705.png 0 0 1 0
13333_2021.08_0007_50955104.png 0 0 1 0
13333_2021.08_0007_51342924.png 0 0 1 0
13333_2021.08_0007_51341580.png 0 0 1 0
13333_2021.08_0007_51342964.png 0 1 1 0
13333_2021.08_0007_51343709.png 0 0 1 0
13333_2021.08_0007_51343398.png 0 0 1 0
13333_2021.01_0003_41583318.png 0 0 1 0
13333_2021.01_0003_41583307.png 0 0 1 0
13333_2021.01_0003_41583338.png 1 1 1 0
13333_2021.01_0003_41332455.png 0 0 1 0
13333_2021.01_0003_41331736.png 1 1 1 0
13333_2021.01_0003_41332083.png 0 0 1 0
13333_2021.01_0003_41583237.png 0 0 1 0
13333_2021.01_0003_41332150.png 0 0 1 0
13333_2021.01_0003_41583369.png 1 0 1 0
13333_2021.01_0003_41332453.png 0 0 1 0
13333_2021.01_0003_41583339.png 0 1 1 0
13333_2021.01_0003_41332457.png 0 0 1 0
13333_2021.01_0003_41332458.png 0 0 1 0
13333_2021.01_0003_41332451.png 0 1 1 0
13333_2021.01_0003_41583134.png 1 0 1 0
13333_2021.01_0004_41724422.png 0 0 1 0
13333_2021.01_0000_41224567.png 0 1 1 0
13333_2021.01_0000_41224617.png 1 0 1 0
13333_2021.01_0000_41224395.png 0 0 1 0
13333_2021.01_0000_41225574.png 0 1 1 0
13333_2021.01_0000_41224708.png 1 0 1 0
13333_2021.01_0000_41224861.png 0 1 1 0
13333_2021.01_0000_41224097.png 0 0 1 0
13333_2021.11_0002_54971866.png 1 0 0 1
13333_2021.10_0001_53188323.png 0 1 0 1
13333_2021.10_0001_53188324.png 0 1 0 1
