13333_2021.11_0004_55473732.png 1 0 0 0
13333_2020.12_0003_40594801.png 1 0 0 0
13333_2020.12_0003_40594802.png 1 1 0 0
13333_2020.12_0003_40594800.png 1 0 0 0
13333_2020.12_0003_40594799.png 1 0 0 0
13333_2021.12_0001_56922642.png 1 0 0 0
13333_2021.12_0001_56922619.png 1 0 0 0
13333_2021.12_0001_56922635.png 1 1 0 0
13333_2021.12_0001_56922547.png 1 0 0 0
13333_2021.12_0001_56922621.png 1 0 0 0
13333_2021.12_0001_56922626.png 1 1 0 0
13333_2021.12_0001_56922629.png 1 0 0 0
13333_2021.12_0001_56922536.png 1 0 0 0
13333_2021.12_0001_56922546.png 1 1 0 0
13333_2021.12_0001_56922630.png 1 0 0 0
13333_2021.12_0001_56922535.png 1 0 0 0
13333_2021.12_0001_56922622.png 1 0 0 0
13333_2021.12_0001_56922631.png 1 0 0 0
13333_2021.12_0001_56922543.png 1 0 0 0
13333_2021.12_0001_56922639.png 1 0 1 0
13333_2021.12_0001_56922638.png 1 0 0 0
13333_2021.12_0001_56922627.png 1 1 0 0
13333_2021.12_0001_56922641.png 1 0 0 0
13333_2021.12_0001_56922643.png 1 0 0 0
13333_2021.12_0001_56922548.png 1 0 0 0
13333_2021.12_0001_56922640.png 1 1 0 0
13333_2021.12_0001_56922633.png 1 0 0 0
13333_2021.12_0001_56922544.png 1 0 1 0
13333_2021.12_0001_56922609.png 1 0 0 0
13333_2021.12_0001_56922636.png 1 1 0 0
13333_2021.12_0001_56922541.png 1 0 0 0
13333_2021.12_0001_56922637.png 1 1 0 0
13333_2021.12_0001_56922634.png 1 0 0 0
13333_2021.12_0009_56514302.png 1 1 0 0
13333_2021.08_0004_51381902.png 1 1 0 0
13333_2021.08_0004_51380823.png 1 1 0 0
13333_2021.08_0004_51382125.png 1 1 0 0
13333_2021.08_0004_51381618.png 1 1 0 1
13333_2021.08_0004_51381104.png 1 1 0 1
13333_2021.08_0004_51380738.png 1 1 0 0
13333_2021.08_0004_51380737.png 1 1 0 0
13333_2021.08_0004_51381317.png 1 1 0 0
13333_2021.08_0004_51381059.png 1 1 1 0
13333_2021.08_0004_51382139.png 1 1 0 0
13333_2021.08_0004_51380821.png 1 1 0 0
13333_2021.08_0004_51380739.png 1 1 0 0
13333_2021.08_0004_51380736.png 1 1 0 0
13333_2021.08_0004_51380820.png 1 1 0 0
13333_2021.08_0004_51381802.png 1 1 0 0
13333_2021.08_0004_51380741.png 1 1 0 0
13333_2021.11_0000_55099537.png 1 1 0 0
13333_2021.11_0000_55099515.png 1 1 0 0
13333_2021.11_0000_55099514.png 0 1 0 0
13333_2021.11_0000_55099542.png 1 1 0 0
13333_2021.11_0000_55098892.png 0 1 0 0
13333_2021.11_0000_55098883.png 0 1 0 0
13333_2021.11_0000_55098894.png 0 1 0 0
13333_2021.11_0000_55099519.png 1 1 0 0
13333_2021.11_0000_55099608.png 0 1 0 0
13333_2021.11_0000_55098886.png 0 1 0 0
13333_2021.11_0000_55098893.png 0 1 0 0
13333_2021.11_0000_55099574.png 1 1 0 0
13333_2021.11_0000_55099517.png 1 1 0 0
13333_2021.11_0000_55099552.png 1 1 0 0
13333_2021.11_0000_55099630.png 0 1 0 0
13333_2021.11_0000_55098885.png 0 1 0 0
13333_2021.11_0000_55099619.png 0 1 0 0
13333_2021.11_0000_55098859.png 0 1 0 0
13333_2021.11_0000_55098889.png 0 1 0 0
13333_2021.11_0000_55099665.png 0 1 0 0
13333_2021.11_0000_55099586.png 0 1 0 0
13333_2021.11_0000_55099530.png 1 1 0 0
13333_2021.11_0000_55099680.png 0 1 0 0
13333_2021.11_0000_55098888.png 0 1 0 0
13333_2021.11_0000_55098867.png 0 1 0 0
13333_2021.11_0000_55098293.png 0 1 0 0
13333_2021.11_0000_55099236.png 1 1 0 0
13333_2021.11_0000_55098863.png 0 1 0 0
13333_2021.11_0000_55099597.png 0 1 0 0
13333_2021.11_0000_55098891.png 0 1 0 0
13333_2021.11_0000_55098895.png 0 1 0 0
13333_2021.11_0000_55099704.png 0 1 0 0
13333_2021.12_0007_57297468.png 1 1 1 1
13333_2021.12_0007_57297457.png 1 1 0 1
13333_2021.12_0007_57297464.png 1 1 1 0
13333_2021.12_0007_57297466.png 0 1 1 1
13333_2021.12_0007_57297475.png 0 1 1 1
13333_2021.12_0007_57297439.png 1 1 0 0
13333_2021.12_0007_57297501.png 0 1 0 0
13333_2021.12_0007_57297526.png 1 1 1 0
13333_2021.12_0007_57297495.png 0 1 0 0
13333_2021.12_0007_57297435.png 1 1 0 0
13333_2021.12_0007_57297470.png 1 1 0 1
13333_2021.12_0007_57297488.png 1 1 0 0
13333_2021.12_0007_57297433.png 1 1 1 0
13333_2021.12_0007_57297503.png 0 1 0 0
13333_2021.12_0007_57297517.png 0 1 0 0
13333_2021.12_0007_57297430.png 1 1 1 0
13333_2021.12_0007_57297499.png 0 1 0 0
13333_2021.12_0007_57297472.png 0 1 0 1
13333_2021.12_0007_57297437.png 1 1 0 0
13333_2021.12_0006_55977222.png 1 1 0 0
13333_2021.12_0006_55977210.png 0 1 0 0
13333_2021.12_0006_55977223.png 0 1 0 0
13333_2021.12_0006_55977207.png 0 1 0 0
13333_2021.12_0006_55977220.png 0 1 0 0
13333_2021.12_0006_55977219.png 0 1 0 0
13333_2021.12_0006_55977217.png 0 1 0 0
13333_2021.12_0006_55977221.png 0 1 0 0
13333_2021.12_0006_55977211.png 0 1 0 0
13333_2021.12_0006_55977205.png 0 1 0 0
13333_2021.07_0000_50128464.png 1 1 1 0
13333_2021.07_0000_50128467.png 1 1 1 0
13333_2021.07_0000_50128451.png 1 1 1 0
13333_2021.07_0000_50128455.png 1 1 1 0
13333_2021.04_0003_44800992.png 0 1 0 0
13333_2021.04_0003_44800995.png 0 1 0 0
13333_2021.04_0003_44800997.png 0 1 0 0
13333_2021.04_0003_44800999.png 0 1 0 0
13333_2021.11_0003_55199307.png 0 0 1 0
13333_2021.11_0003_55200052.png 1 1 1 0
13333_2021.12_0002_57427892.png 0 0 1 0
13333_2021.12_0002_57427234.png 0 0 1 0
13333_2021.12_0002_57427580.png 0 0 1 0
13333_2021.12_0002_57427764.png 1 0 1 0
13333_2021.12_0002_57427770.png 1 0 1 0
13333_2021.12_0002_57427783.png 1 0 1 0
13333_2021.12_0002_57427881.png 0 0 1 0
13333_2021.12_0002_57427891.png 0 0 1 0
13333_2021.12_0002_57427811.png 1 0 1 0
13333_2021.12_0002_57427753.png 1 0 1 0
13333_2021.12_0010_56270835.png 1 0 1 0
13333_2021.12_0010_56270185.png 0 1 1 0
13333_2021.12_0010_56270880.png 0 0 1 0
13333_2021.12_0010_56270875.png 1 0 1 0
13333_2021.12_0010_56270839.png 1 0 1 0
13333_2021.12_0010_56270881.png 1 0 1 0
13333_2021.12_0010_56270840.png 0 0 1 0
13333_2021.12_0010_56270876.png 1 0 1 0
13333_2021.01_0004_41724422.png 0 0 1 0
13333_2021.04_0000_44779602.png 0 0 1 0
13333_2021.11_0002_54971866.png 1 0 0 1
13333_2021.09_0002_51747297.png 1 0 1 1
13333_2021.01_0005_41459046.png 0 0 0 1
13333_2021.01_0005_41459076.png 0 0 0 1
13333_2021.01_0005_41459039.png 0 0 0 1
13333_2021.01_0005_41459041.png 0 0 0 1
13333_2021.01_0005_41459000.png 0 0 0 1
13333_2021.01_0005_41459038.png 0 0 0 1
13333_2021.01_0005_41459043.png 0 0 0 1
13333_2021.01_0005_41459066.png 0 0 0 1
13333_2021.01_0005_41459042.png 0 0 1 1
13333_2021.01_0005_41459032.png 0 0 0 1
13333_2021.01_0005_41459035.png 0 0 0 1
13333_2021.06_0000_48586898.png 0 0 0 1
13333_2021.10_0001_53188323.png 0 1 0 1
13333_2021.10_0001_53188324.png 0 1 0 1
