13333_2021.11_0003_55200215.png 1 1 0 0
13333_2021.11_0003_55200256.png 1 0 0 0
13333_2021.11_0003_55200257.png 1 0 0 0
13333_2021.11_0003_55200149.png 1 1 0 0
13333_2021.11_0003_55199971.png 1 0 0 0
13333_2021.11_0003_55200034.png 1 1 0 0
13333_2021.11_0003_55199993.png 1 0 0 0
13333_2021.11_0003_55200015.png 1 1 0 0
13333_2021.11_0003_55200244.png 1 1 0 0
13333_2021.11_0003_55200252.png 1 1 0 0
13333_2021.11_0003_55200052.png 1 1 1 0
13333_2021.11_0003_55200249.png 1 1 0 0
13333_2021.11_0000_55099537.png 1 1 0 0
13333_2021.11_0000_55099515.png 1 1 0 0
13333_2021.11_0000_55099542.png 1 1 0 0
13333_2021.11_0000_55099654.png 1 0 0 0
13333_2021.11_0000_55099519.png 1 1 0 0
13333_2021.11_0000_55099574.png 1 1 0 0
13333_2021.11_0000_55099517.png 1 1 0 0
13333_2021.11_0000_55099552.png 1 1 0 0
13333_2021.11_0000_55099530.png 1 1 0 0
13333_2021.11_0000_55099236.png 1 1 0 0
13333_2021.11_0000_55099563.png 1 0 0 0
13333_2021.12_0004_57457174.png 1 0 0 0
13333_2021.12_0004_56718682.png 1 1 0 0
13333_2021.12_0004_57457165.png 1 0 0 0
13333_2021.12_0004_57457180.png 1 0 0 0
13333_2021.09_0003_51743351.png 1 0 0 0
13333_2021.09_0003_51743353.png 1 1 0 0
13333_2021.09_0003_51743225.png 1 0 0 0
13333_2021.08_0007_51343719.png 1 1 0 0
13333_2021.08_0007_51346424.png 1 0 1 0
13333_2021.08_0007_51346425.png 1 0 0 0
13333_2021.08_0007_51345154.png 1 1 0 0
13333_2021.08_0007_51346427.png 1 0 0 0
13333_2021.08_0007_51343714.png 1 1 0 0
13333_2021.08_0007_51343198.png 1 1 0 0
13333_2021.08_0007_51343717.png 1 1 0 0
13333_2021.08_0007_50953037.png 1 0 0 0
13333_2021.08_0007_51342973.png 1 0 0 0
13333_2021.08_0007_50955126.png 1 0 0 0
13333_2021.08_0007_51343722.png 1 0 0 0
13333_2021.08_0007_51343711.png 1 1 0 0
13333_2021.08_0007_51340501.png 1 0 0 0
13333_2020.12_0002_39986569.png 1 1 0 0
13333_2020.12_0002_39986440.png 0 1 0 0
13333_2020.12_0002_39984188.png 1 1 0 0
13333_2020.12_0002_39986610.png 1 1 0 0
13333_2020.12_0002_39986541.png 1 1 0 0
13333_2020.12_0002_39986638.png 1 1 1 0
13333_2020.12_0002_39986542.png 1 1 0 0
13333_2020.12_0002_39987648.png 1 1 0 0
13333_2020.12_0002_39986606.png 1 1 0 0
13333_2020.12_0002_39986627.png 1 1 0 0
13333_2020.12_0002_39985155.png 1 1 0 0
13333_2020.12_0002_39987634.png 0 1 0 0
13333_2020.12_0002_39986325.png 1 1 0 0
13333_2020.12_0002_39986442.png 1 1 0 0
13333_2020.12_0002_39985152.png 1 1 0 0
13333_2020.12_0002_39986431.png 1 1 0 0
13333_2020.12_0002_39986653.png 1 1 0 0
13333_2020.12_0002_39987639.png 1 1 0 0
13333_2020.12_0002_39986332.png 1 1 0 0
13333_2020.12_0002_39987465.png 1 1 0 0
13333_2020.12_0002_39987557.png 0 1 0 0
13333_2020.12_0002_39986439.png 1 1 0 0
13333_2020.12_0002_39986362.png 1 1 0 0
13333_2020.12_0002_39986540.png 1 1 0 0
13333_2020.12_0002_39986544.png 1 1 0 0
13333_2020.12_0002_39986378.png 1 1 0 0
13333_2020.12_0002_39986341.png 1 1 0 0
13333_2020.12_0002_39986494.png 1 1 0 0
13333_2020.12_0002_39986599.png 1 1 0 0
13333_2020.12_0002_39987645.png 1 1 0 0
13333_2020.12_0002_39986609.png 1 1 0 0
13333_2020.12_0002_39986657.png 0 1 0 0
13333_2020.12_0002_39987595.png 0 1 0 0
13333_2021.12_0006_55977222.png 1 1 0 0
13333_2021.12_0006_55977210.png 0 1 0 0
13333_2021.12_0006_55977223.png 0 1 0 0
13333_2021.12_0006_55977207.png 0 1 0 0
13333_2021.12_0006_55977220.png 0 1 0 0
13333_2021.12_0006_55977219.png 0 1 0 0
13333_2021.12_0006_55977217.png 0 1 0 0
13333_2021.12_0006_55977221.png 0 1 0 0
13333_2021.12_0006_55977211.png 0 1 0 0
13333_2021.12_0006_55977205.png 0 1 0 0
13333_2021.07_0003_49851461.png 0 1 0 0
13333_2021.07_0003_49851405.png 0 1 0 0
13333_2021.07_0003_49851378.png 0 1 0 0
13333_2021.07_0003_49851438.png 0 1 0 0
13333_2021.07_0003_49851388.png 0 1 0 0
13333_2021.07_0003_49851407.png 0 1 0 0
13333_2021.07_0003_49851409.png 0 1 0 0
13333_2021.07_0003_49851387.png 0 1 0 0
13333_2021.07_0003_49851491.png 0 1 0 0
13333_2021.07_0003_49851389.png 0 1 0 0
13333_2021.07_0003_49851451.png 0 1 0 0
13333_2021.07_0003_49851434.png 0 1 0 0
13333_2021.07_0003_49851377.png 0 1 0 0
13333_2021.07_0003_49851347.png 0 1 0 0
13333_2021.07_0003_49851383.png 0 1 0 0
13333_2021.07_0003_49851400.png 0 1 0 0
13333_2021.07_0003_49851412.png 0 1 0 0
13333_2021.07_0003_49851417.png 0 1 0 0
13333_2021.07_0003_49851415.png 0 1 0 0
13333_2021.07_0003_49851453.png 0 1 0 0
13333_2021.07_0003_49851422.png 0 1 0 0
13333_2021.07_0003_49851429.png 0 1 0 0
13333_2021.07_0003_49851371.png 0 1 0 0
13333_2021.07_0003_49851373.png 0 1 0 0
13333_2021.07_0003_49851311.png 0 1 0 0
13333_2021.07_0003_49851386.png 0 1 0 0
13333_2021.07_0003_49851459.png 0 1 0 0
13333_2021.07_0003_49851441.png 0 1 0 0
13333_2021.07_0003_49851384.png 0 1 0 0
13333_2021.07_0003_49851431.png 0 1 0 0
13333_2021.07_0003_49851380.png 0 1 0 0
13333_2021.07_0003_49851490.png 0 1 0 0
13333_2021.07_0003_49851486.png 0 1 0 0
13333_2021.07_0003_49851372.png 0 1 0 0
13333_2021.07_0003_49851432.png 0 1 0 0
13333_2021.07_0003_49851396.png 0 1 0 0
13333_2021.07_0003_49851382.png 0 1 0 0
13333_2021.07_0003_49851470.png 0 1 0 0
13333_2021.07_0003_49851393.png 0 1 0 0
13333_2021.07_0003_49851428.png 0 1 0 0
13333_2021.07_0003_49851436.png 0 1 0 0
13333_2021.07_0003_49851426.png 0 1 0 0
13333_2021.07_0003_49851395.png 0 1 0 0
13333_2021.07_0003_49851420.png 0 1 0 0
13333_2021.07_0003_49851284.png 0 1 0 0
13333_2021.07_0003_49851477.png 0 1 0 0
13333_2021.07_0003_49851401.png 0 1 0 0
13333_2021.07_0003_49851492.png 0 1 0 0
13333_2021.07_0003_49851440.png 0 1 0 0
13333_2021.07_0003_49851424.png 0 1 0 0
13333_2021.07_0003_49851463.png 0 1 0 0
13333_2021.07_0003_49851379.png 0 1 0 0
13333_2021.07_0003_49851489.png 0 1 0 0
13333_2021.07_0003_49851465.png 0 1 0 0
13333_2021.07_0003_49851283.png 0 1 0 0
13333_2021.07_0003_49851411.png 0 1 0 0
13333_2021.07_0003_49851390.png 0 1 0 0
13333_2021.07_0003_49851419.png 0 1 0 0
13333_2021.07_0003_49851282.png 0 1 0 0
13333_2021.07_0003_49851403.png 0 1 0 0
13333_2021.07_0003_49851485.png 0 1 0 0
13333_2021.07_0003_49851423.png 0 1 0 0
13333_2021.07_0003_49851483.png 0 1 0 0
13333_2021.07_0003_49851376.png 0 1 0 0
13333_2021.01_0003_41583338.png 1 1 1 0
13333_2021.01_0003_41331736.png 1 1 1 0
13333_2021.01_0003_41332452.png 0 1 0 0
13333_2021.01_0003_41332454.png 0 1 0 0
13333_2021.01_0003_41583112.png 0 1 0 0
13333_2021.01_0003_41583339.png 0 1 1 0
13333_2021.01_0003_41583135.png 0 1 0 0
13333_2021.01_0003_41332459.png 0 1 0 0
13333_2021.01_0003_41332451.png 0 1 1 0
13333_2021.06_0000_48587447.png 0 1 0 0
13333_2021.06_0000_48586815.png 0 1 0 0
13333_2021.06_0000_48586793.png 0 1 0 0
13333_2021.06_0000_48586851.png 0 1 0 0
13333_2020.12_0003_40594731.png 0 0 1 0
13333_2021.12_0002_57427892.png 0 0 1 0
13333_2021.12_0002_57427234.png 0 0 1 0
13333_2021.12_0002_57427580.png 0 0 1 0
13333_2021.12_0002_57427764.png 1 0 1 0
13333_2021.12_0002_57427770.png 1 0 1 0
13333_2021.12_0002_57427783.png 1 0 1 0
13333_2021.12_0002_57427881.png 0 0 1 0
13333_2021.12_0002_57427891.png 0 0 1 0
13333_2021.12_0002_57427811.png 1 0 1 0
13333_2021.12_0002_57427753.png 1 0 1 0
13333_2021.09_0002_51747301.png 1 1 1 0
13333_2021.09_0002_51747297.png 1 0 1 1
13333_2021.09_0002_51747299.png 1 0 1 0
13333_2021.09_0002_51747298.png 0 1 1 0
13333_2021.08_0004_51381059.png 1 1 1 0
13333_2021.04_0003_44800690.png 0 0 1 0
13333_2021.12_0007_57297486.png 1 0 0 1
13333_2021.12_0007_57297468.png 1 1 1 1
13333_2021.12_0007_57297457.png 1 1 0 1
13333_2021.12_0007_57297477.png 1 0 0 1
13333_2021.12_0007_57297466.png 0 1 1 1
13333_2021.12_0007_57297475.png 0 1 1 1
13333_2021.12_0007_57297483.png 1 0 0 1
13333_2021.12_0007_57297448.png 1 0 0 1
13333_2021.12_0007_57297459.png 1 0 0 1
13333_2021.12_0007_57297470.png 1 1 0 1
13333_2021.12_0007_57297461.png 1 0 0 1
13333_2021.12_0007_57297450.png 1 0 0 1
13333_2021.12_0007_57297490.png 1 0 0 1
13333_2021.12_0007_57297481.png 1 0 0 1
13333_2021.12_0007_57297479.png 1 0 0 1
13333_2021.12_0007_57297455.png 1 0 0 1
13333_2021.12_0007_57297472.png 0 1 0 1
13333_2021.12_0009_56515487.png 0 0 0 1
13333_2021.09_0001_51688951.png 1 0 0 1
13333_2021.09_0001_51688686.png 0 0 1 1
13333_2021.09_0001_51688679.png 0 0 1 1
13333_2021.09_0001_51688680.png 0 0 0 1
13333_2021.09_0001_51688677.png 0 0 1 1
13333_2021.09_0001_51688953.png 1 0 0 1
13333_2021.09_0001_51689179.png 1 0 0 1
13333_2021.09_0001_51688957.png 1 0 0 1
13333_2021.09_0001_51688927.png 0 0 0 1
13333_2021.09_0001_51689688.png 1 0 0 1
13333_2021.09_0001_51689649.png 1 0 0 1
13333_2021.09_0001_51688919.png 0 0 0 1
13333_2021.09_0001_51688961.png 0 0 0 1
13333_2021.09_0001_51688676.png 0 0 1 1
13333_2021.09_0001_51688920.png 0 0 0 1
13333_2021.09_0001_51688913.png 0 0 0 1
13333_2021.09_0001_51688916.png 0 0 0 1
13333_2021.09_0001_51689673.png 1 0 0 1
13333_2021.09_0001_51688684.png 0 0 1 1
13333_2021.09_0001_51688929.png 0 0 0 1
13333_2021.09_0001_51688673.png 0 0 0 1
13333_2021.09_0001_51688917.png 0 0 0 1
13333_2021.09_0001_51688685.png 0 0 0 1
13333_2021.09_0001_51689646.png 1 0 0 1
13333_2021.09_0001_51688926.png 0 0 0 1
13333_2021.09_0001_51688921.png 0 0 0 1
13333_2021.09_0001_51688678.png 0 0 1 1
13333_2021.09_0001_51688933.png 1 0 0 1
13333_2021.09_0001_51688934.png 0 0 0 1
13333_2021.09_0001_51688930.png 0 0 0 1
13333_2021.09_0001_51688928.png 0 0 0 1
13333_2021.09_0001_51688931.png 1 0 0 1
13333_2021.09_0001_51688936.png 1 0 0 1
13333_2021.09_0001_51688954.png 1 0 0 1
13333_2021.09_0001_51688952.png 1 0 0 1
13333_2021.09_0001_51688937.png 1 0 0 1
13333_2021.09_0001_51688670.png 0 0 0 1
13333_2021.09_0001_51688932.png 1 0 0 1
13333_2021.09_0001_51688674.png 0 0 0 1
13333_2021.09_0001_51688918.png 0 0 0 1
13333_2021.09_0001_51688881.png 0 0 0 1
13333_2021.09_0001_51688935.png 1 0 0 1
13333_2021.09_0001_51688956.png 1 0 0 1
13333_2021.09_0001_51688958.png 1 0 0 1
13333_2021.09_0001_51688687.png 0 0 1 1
13333_2021.09_0001_51688682.png 0 0 0 1
13333_2021.09_0001_51688949.png 1 0 0 1
13333_2021.09_0001_51688950.png 1 0 0 1
13333_2021.09_0001_51688959.png 1 0 0 1
13333_2021.09_0001_51689658.png 1 0 0 1
13333_2021.09_0001_51688672.png 0 0 0 1
13333_2021.09_0001_51688688.png 0 0 1 1
13333_2021.09_0001_51688681.png 0 0 1 1
13333_2021.09_0001_51688948.png 1 0 0 1
13333_2021.09_0001_51688675.png 0 0 1 1
13333_2021.09_0001_51688923.png 0 0 0 1
13333_2021.09_0001_51688924.png 0 0 0 1
13333_2021.09_0001_51689912.png 0 0 0 1
13333_2021.09_0001_51688925.png 0 0 0 1
13333_2021.09_0001_51688955.png 1 0 0 1
13333_2021.09_0001_51688669.png 0 0 0 1
13333_2021.09_0001_51688683.png 0 0 1 1
13333_2021.01_0005_41459046.png 0 0 0 1
13333_2021.01_0005_41459076.png 0 0 0 1
13333_2021.01_0005_41459039.png 0 0 0 1
13333_2021.01_0005_41459041.png 0 0 0 1
13333_2021.01_0005_41459000.png 0 0 0 1
13333_2021.01_0005_41459038.png 0 0 0 1
13333_2021.01_0005_41459043.png 0 0 0 1
13333_2021.01_0005_41459066.png 0 0 0 1
13333_2021.01_0005_41459042.png 0 0 1 1
13333_2021.01_0005_41459032.png 0 0 0 1
13333_2021.01_0005_41459035.png 0 0 0 1
13333_2021.10_0001_53188323.png 0 1 0 1
13333_2021.10_0001_53188324.png 0 1 0 1
