13333_2021.11_0003_55200215.png 1 1 0 0
13333_2021.11_0003_55200256.png 1 0 0 0
13333_2021.11_0003_55200257.png 1 0 0 0
13333_2021.11_0003_55200149.png 1 1 0 0
13333_2021.11_0003_55199971.png 1 0 0 0
13333_2021.11_0003_55200034.png 1 1 0 0
13333_2021.11_0003_55199993.png 1 0 0 0
13333_2021.11_0003_55200015.png 1 1 0 0
13333_2021.11_0003_55200244.png 1 1 0 0
13333_2021.11_0003_55200252.png 1 1 0 0
13333_2021.11_0003_55200052.png 1 1 1 0
13333_2021.11_0003_55200249.png 1 1 0 0
13333_2020.12_0001_40013562.png 1 0 0 0
13333_2020.12_0001_40013309.png 1 0 0 0
13333_2021.12_0003_57524886.png 1 0 0 0
13333_2021.12_0001_56922642.png 1 0 0 0
13333_2021.12_0001_56922619.png 1 0 0 0
13333_2021.12_0001_56922635.png 1 1 0 0
13333_2021.12_0001_56922547.png 1 0 0 0
13333_2021.12_0001_56922621.png 1 0 0 0
13333_2021.12_0001_56922626.png 1 1 0 0
13333_2021.12_0001_56922629.png 1 0 0 0
13333_2021.12_0001_56922536.png 1 0 0 0
13333_2021.12_0001_56922546.png 1 1 0 0
13333_2021.12_0001_56922630.png 1 0 0 0
13333_2021.12_0001_56922535.png 1 0 0 0
13333_2021.12_0001_56922622.png 1 0 0 0
13333_2021.12_0001_56922631.png 1 0 0 0
13333_2021.12_0001_56922543.png 1 0 0 0
13333_2021.12_0001_56922639.png 1 0 1 0
13333_2021.12_0001_56922638.png 1 0 0 0
13333_2021.12_0001_56922627.png 1 1 0 0
13333_2021.12_0001_56922641.png 1 0 0 0
13333_2021.12_0001_56922643.png 1 0 0 0
13333_2021.12_0001_56922548.png 1 0 0 0
13333_2021.12_0001_56922640.png 1 1 0 0
13333_2021.12_0001_56922633.png 1 0 0 0
13333_2021.12_0001_56922544.png 1 0 1 0
13333_2021.12_0001_56922609.png 1 0 0 0
13333_2021.12_0001_56922636.png 1 1 0 0
13333_2021.12_0001_56922541.png 1 0 0 0
13333_2021.12_0001_56922637.png 1 1 0 0
13333_2021.12_0001_56922634.png 1 0 0 0
13333_2021.12_0004_57457174.png 1 0 0 0
13333_2021.12_0004_56718682.png 1 1 0 0
13333_2021.12_0004_57457165.png 1 0 0 0
13333_2021.12_0004_57457180.png 1 0 0 0
13333_2021.09_0003_51743351.png 1 0 0 0
13333_2021.09_0003_51743353.png 1 1 0 0
13333_2021.09_0003_51743225.png 1 0 0 0
13333_2021.09_0002_51747303.png 1 1 0 0
13333_2021.09_0002_51747301.png 1 1 1 0
13333_2021.09_0002_51747297.png 1 0 1 1
13333_2021.09_0002_51747300.png 1 1 0 0
13333_2021.09_0002_51747299.png 1 0 1 0
13333_2021.09_0002_51747302.png 1 1 0 0
13333_2021.01_0003_41332353.png 1 0 0 0
13333_2021.01_0003_41583338.png 1 1 1 0
13333_2021.01_0003_41331736.png 1 1 1 0
13333_2021.01_0003_41583369.png 1 0 1 0
13333_2021.01_0003_41332418.png 1 0 0 0
13333_2021.01_0003_41583134.png 1 0 1 0
13333_2021.01_0005_41459203.png 1 0 0 0
13333_2021.03_0002_42874428.png 1 0 1 0
13333_2021.03_0002_42874780.png 1 0 0 0
13333_2021.03_0002_42874618.png 1 0 0 0
13333_2021.03_0002_42874645.png 1 0 0 0
13333_2021.03_0002_42874601.png 1 1 0 0
13333_2021.03_0002_42874062.png 1 1 0 0
13333_2021.03_0002_42874632.png 1 0 1 0
13333_2021.03_0002_42874087.png 1 1 0 0
13333_2021.03_0002_42874016.png 1 1 1 0
13333_2021.03_0002_42874073.png 1 1 0 0
13333_2021.03_0002_42874429.png 1 0 1 0
13333_2021.03_0002_42874591.png 1 0 0 0
13333_2021.03_0002_42874729.png 1 0 0 0
13333_2021.03_0002_42874028.png 1 1 0 0
13333_2021.03_0002_42874634.png 1 0 0 0
13333_2021.03_0002_42874173.png 1 1 0 0
13333_2021.03_0002_42874631.png 1 0 0 0
13333_2021.03_0002_42874665.png 1 0 0 0
13333_2021.03_0002_42874650.png 1 0 0 0
13333_2020.12_0003_40594802.png 1 1 0 0
13333_2020.12_0004_39803195.png 0 1 0 0
13333_2020.12_0004_39803044.png 1 1 0 0
13333_2020.12_0004_39803046.png 1 1 0 0
13333_2020.12_0004_39803039.png 1 1 0 0
13333_2020.12_0004_39803043.png 1 1 0 0
13333_2020.12_0004_39803041.png 0 1 0 0
13333_2020.12_0004_39803040.png 0 1 0 0
13333_2021.12_0007_57297468.png 1 1 1 1
13333_2021.12_0007_57297457.png 1 1 0 1
13333_2021.12_0007_57297464.png 1 1 1 0
13333_2021.12_0007_57297466.png 0 1 1 1
13333_2021.12_0007_57297475.png 0 1 1 1
13333_2021.12_0007_57297439.png 1 1 0 0
13333_2021.12_0007_57297501.png 0 1 0 0
13333_2021.12_0007_57297526.png 1 1 1 0
13333_2021.12_0007_57297495.png 0 1 0 0
13333_2021.12_0007_57297435.png 1 1 0 0
13333_2021.12_0007_57297470.png 1 1 0 1
13333_2021.12_0007_57297488.png 1 1 0 0
13333_2021.12_0007_57297433.png 1 1 1 0
13333_2021.12_0007_57297503.png 0 1 0 0
13333_2021.12_0007_57297517.png 0 1 0 0
13333_2021.12_0007_57297430.png 1 1 1 0
13333_2021.12_0007_57297499.png 0 1 0 0
13333_2021.12_0007_57297472.png 0 1 0 1
13333_2021.12_0007_57297437.png 1 1 0 0
13333_2021.12_0009_56515469.png 0 1 1 0
13333_2021.12_0009_56515337.png 0 1 1 0
13333_2021.12_0009_56514302.png 1 1 0 0
13333_2021.12_0009_56515464.png 0 1 0 0
13333_2021.12_0009_56515481.png 0 1 1 0
13333_2021.12_0000_57155753.png 0 1 1 0
13333_2021.12_0000_57155748.png 0 1 0 0
13333_2021.12_0000_57155746.png 0 1 1 0
13333_2021.12_0000_57155747.png 0 1 0 0
13333_2021.07_0003_49851461.png 0 1 0 0
13333_2021.07_0003_49851405.png 0 1 0 0
13333_2021.07_0003_49851378.png 0 1 0 0
13333_2021.07_0003_49851438.png 0 1 0 0
13333_2021.07_0003_49851388.png 0 1 0 0
13333_2021.07_0003_49851407.png 0 1 0 0
13333_2021.07_0003_49851409.png 0 1 0 0
13333_2021.07_0003_49851387.png 0 1 0 0
13333_2021.07_0003_49851491.png 0 1 0 0
13333_2021.07_0003_49851389.png 0 1 0 0
13333_2021.07_0003_49851451.png 0 1 0 0
13333_2021.07_0003_49851434.png 0 1 0 0
13333_2021.07_0003_49851377.png 0 1 0 0
13333_2021.07_0003_49851347.png 0 1 0 0
13333_2021.07_0003_49851383.png 0 1 0 0
13333_2021.07_0003_49851400.png 0 1 0 0
13333_2021.07_0003_49851412.png 0 1 0 0
13333_2021.07_0003_49851417.png 0 1 0 0
13333_2021.07_0003_49851415.png 0 1 0 0
13333_2021.07_0003_49851453.png 0 1 0 0
13333_2021.07_0003_49851422.png 0 1 0 0
13333_2021.07_0003_49851429.png 0 1 0 0
13333_2021.07_0003_49851371.png 0 1 0 0
13333_2021.07_0003_49851373.png 0 1 0 0
13333_2021.07_0003_49851311.png 0 1 0 0
13333_2021.07_0003_49851386.png 0 1 0 0
13333_2021.07_0003_49851459.png 0 1 0 0
13333_2021.07_0003_49851441.png 0 1 0 0
13333_2021.07_0003_49851384.png 0 1 0 0
13333_2021.07_0003_49851431.png 0 1 0 0
13333_2021.07_0003_49851380.png 0 1 0 0
13333_2021.07_0003_49851490.png 0 1 0 0
13333_2021.07_0003_49851486.png 0 1 0 0
13333_2021.07_0003_49851372.png 0 1 0 0
13333_2021.07_0003_49851432.png 0 1 0 0
13333_2021.07_0003_49851396.png 0 1 0 0
13333_2021.07_0003_49851382.png 0 1 0 0
13333_2021.07_0003_49851470.png 0 1 0 0
13333_2021.07_0003_49851393.png 0 1 0 0
13333_2021.07_0003_49851428.png 0 1 0 0
13333_2021.07_0003_49851436.png 0 1 0 0
13333_2021.07_0003_49851426.png 0 1 0 0
13333_2021.07_0003_49851395.png 0 1 0 0
13333_2021.07_0003_49851420.png 0 1 0 0
13333_2021.07_0003_49851284.png 0 1 0 0
13333_2021.07_0003_49851477.png 0 1 0 0
13333_2021.07_0003_49851401.png 0 1 0 0
13333_2021.07_0003_49851492.png 0 1 0 0
13333_2021.07_0003_49851440.png 0 1 0 0
13333_2021.07_0003_49851424.png 0 1 0 0
13333_2021.07_0003_49851463.png 0 1 0 0
13333_2021.07_0003_49851379.png 0 1 0 0
13333_2021.07_0003_49851489.png 0 1 0 0
13333_2021.07_0003_49851465.png 0 1 0 0
13333_2021.07_0003_49851283.png 0 1 0 0
13333_2021.07_0003_49851411.png 0 1 0 0
13333_2021.07_0003_49851390.png 0 1 0 0
13333_2021.07_0003_49851419.png 0 1 0 0
13333_2021.07_0003_49851282.png 0 1 0 0
13333_2021.07_0003_49851403.png 0 1 0 0
13333_2021.07_0003_49851485.png 0 1 0 0
13333_2021.07_0003_49851423.png 0 1 0 0
13333_2021.07_0003_49851483.png 0 1 0 0
13333_2021.07_0003_49851376.png 0 1 0 0
13333_2021.07_0001_50072119.png 1 1 1 0
13333_2021.07_0001_50072106.png 1 1 0 0
13333_2021.07_0001_50071486.png 0 1 0 0
13333_2021.07_0001_50071362.png 0 1 0 0
13333_2021.07_0001_50072151.png 1 1 1 0
13333_2021.07_0001_50071336.png 0 1 0 0
13333_2021.07_0001_50072291.png 0 1 0 0
13333_2021.07_0000_50128464.png 1 1 1 0
13333_2021.07_0000_50128467.png 1 1 1 0
13333_2021.07_0000_50128451.png 1 1 1 0
13333_2021.07_0000_50128455.png 1 1 1 0
13333_2021.01_0000_41224567.png 0 1 1 0
13333_2021.01_0000_41225642.png 0 1 0 0
13333_2021.01_0000_41224354.png 0 1 0 0
13333_2021.01_0000_41224069.png 0 1 0 0
13333_2021.01_0000_41225574.png 0 1 1 0
13333_2021.01_0000_41224861.png 0 1 1 0
13333_2021.01_0000_41224367.png 0 1 0 0
13333_2021.04_0003_44800992.png 0 1 0 0
13333_2021.04_0003_44800995.png 0 1 0 0
13333_2021.04_0003_44800997.png 0 1 0 0
13333_2021.04_0003_44800999.png 0 1 0 0
13333_2021.11_0002_54971654.png 0 0 1 0
13333_2021.11_0002_54970660.png 0 0 1 0
13333_2021.11_0002_54971664.png 0 0 1 0
13333_2021.11_0002_54971837.png 0 0 1 0
13333_2021.11_0000_55099164.png 0 0 1 0
13333_2021.11_0000_55099168.png 0 0 1 0
13333_2021.11_0000_55099171.png 0 0 1 0
13333_2020.12_0002_39986552.png 1 0 1 0
13333_2020.12_0002_39986638.png 1 1 1 0
13333_2020.12_0002_39985221.png 1 0 1 0
13333_2020.12_0000_39831602.png 0 0 1 0
13333_2020.12_0000_39831946.png 0 0 1 0
13333_2020.12_0000_39831949.png 0 0 1 0
13333_2020.12_0000_39831706.png 0 0 1 0
13333_2020.12_0000_39831534.png 0 0 1 0
13333_2021.12_0002_57427892.png 0 0 1 0
13333_2021.12_0002_57427234.png 0 0 1 0
13333_2021.12_0002_57427580.png 0 0 1 0
13333_2021.12_0002_57427764.png 1 0 1 0
13333_2021.12_0002_57427770.png 1 0 1 0
13333_2021.12_0002_57427783.png 1 0 1 0
13333_2021.12_0002_57427881.png 0 0 1 0
13333_2021.12_0002_57427891.png 0 0 1 0
13333_2021.12_0002_57427811.png 1 0 1 0
13333_2021.12_0002_57427753.png 1 0 1 0
13333_2021.09_0001_51688686.png 0 0 1 1
13333_2021.09_0001_51688679.png 0 0 1 1
13333_2021.09_0001_51689177.png 0 0 1 0
13333_2021.09_0001_51688677.png 0 0 1 1
13333_2021.09_0001_51688676.png 0 0 1 1
13333_2021.09_0001_51688684.png 0 0 1 1
13333_2021.09_0001_51688586.png 1 0 1 0
13333_2021.09_0001_51689919.png 1 0 1 0
13333_2021.09_0001_51688678.png 0 0 1 1
13333_2021.09_0001_51689914.png 0 1 1 0
13333_2021.09_0001_51689178.png 0 0 1 0
13333_2021.09_0001_51688687.png 0 0 1 1
13333_2021.09_0001_51688583.png 1 0 1 0
13333_2021.09_0001_51688688.png 0 0 1 1
13333_2021.09_0001_51688681.png 0 0 1 1
13333_2021.09_0001_51688675.png 0 0 1 1
13333_2021.09_0001_51689167.png 1 0 1 0
13333_2021.09_0001_51688683.png 0 0 1 1
13333_2021.09_0004_52719674.png 0 0 1 0
13333_2021.09_0004_52719508.png 0 0 1 0
13333_2021.09_0004_52719617.png 0 0 1 0
13333_2021.09_0004_52720500.png 0 0 1 0
13333_2021.08_0007_51346048.png 0 0 1 1
13333_2021.08_0007_51345236.png 0 1 1 0
13333_2021.08_0007_50950824.png 0 0 1 1
13333_2021.08_0007_51346424.png 1 0 1 0
13333_2021.08_0007_50955025.png 0 0 1 0
13333_2021.08_0007_50951398.png 0 1 1 0
13333_2021.08_0007_51346049.png 0 0 1 1
13333_2021.08_0007_50953156.png 0 0 1 0
13333_2021.08_0007_51342969.png 0 1 1 0
13333_2021.08_0007_51342960.png 0 1 1 0
13333_2021.08_0007_50953340.png 0 0 1 0
13333_2021.08_0007_51346052.png 0 0 1 1
13333_2021.08_0007_50951400.png 0 0 1 0
13333_2021.08_0007_51346099.png 0 0 1 1
13333_2021.08_0007_51342586.png 0 0 1 0
13333_2021.08_0007_50953537.png 0 0 1 0
13333_2021.08_0007_51342947.png 0 0 1 0
13333_2021.08_0007_50950777.png 0 0 1 0
13333_2021.08_0007_51341839.png 0 0 1 0
13333_2021.08_0007_50953118.png 0 0 1 0
13333_2021.08_0007_51343297.png 0 0 1 0
13333_2021.08_0007_50953515.png 0 1 1 0
13333_2021.08_0007_51344971.png 0 0 1 0
13333_2021.08_0007_51342929.png 0 0 1 0
13333_2021.08_0007_50953344.png 0 0 1 0
13333_2021.08_0007_51345153.png 0 0 1 0
13333_2021.08_0007_51341842.png 0 0 1 0
13333_2021.08_0007_51341880.png 0 0 1 0
13333_2021.08_0007_50955028.png 0 0 1 0
13333_2021.08_0007_50953469.png 0 0 1 0
13333_2021.08_0007_51342950.png 0 1 1 0
13333_2021.08_0007_50954576.png 0 1 1 0
13333_2021.08_0007_51342211.png 0 0 1 0
13333_2021.08_0007_50954371.png 0 1 1 0
13333_2021.08_0007_51341619.png 0 0 1 0
13333_2021.08_0007_50951396.png 0 0 1 0
13333_2021.08_0007_51343705.png 0 0 1 0
13333_2021.08_0007_50955104.png 0 0 1 0
13333_2021.08_0007_51342924.png 0 0 1 0
13333_2021.08_0007_51341580.png 0 0 1 0
13333_2021.08_0007_51342964.png 0 1 1 0
13333_2021.08_0007_51343709.png 0 0 1 0
13333_2021.08_0007_51343398.png 0 0 1 0
13333_2021.01_0004_41724422.png 0 0 1 0
13333_2021.06_0000_48587044.png 0 0 1 0
13333_2021.06_0000_48586752.png 0 0 1 0
13333_2021.06_0000_48586737.png 0 0 1 0
13333_2021.08_0004_51381618.png 1 1 0 1
13333_2021.08_0004_51381104.png 1 1 0 1
13333_2021.10_0001_53188323.png 0 1 0 1
13333_2021.10_0001_53188324.png 0 1 0 1
