13333_2021.11_0003_55200215.png 1 1 0 0
13333_2021.11_0003_55200256.png 1 0 0 0
13333_2021.11_0003_55200257.png 1 0 0 0
13333_2021.11_0003_55200149.png 1 1 0 0
13333_2021.11_0003_55199971.png 1 0 0 0
13333_2021.11_0003_55200034.png 1 1 0 0
13333_2021.11_0003_55199993.png 1 0 0 0
13333_2021.11_0003_55200015.png 1 1 0 0
13333_2021.11_0003_55200244.png 1 1 0 0
13333_2021.11_0003_55200252.png 1 1 0 0
13333_2021.11_0003_55200052.png 1 1 1 0
13333_2021.11_0003_55200249.png 1 1 0 0
13333_2020.12_0004_39803044.png 1 1 0 0
13333_2020.12_0004_39803087.png 1 0 0 0
13333_2020.12_0004_39803029.png 1 0 0 0
13333_2020.12_0004_39803046.png 1 1 0 0
13333_2020.12_0004_39803081.png 1 0 0 0
13333_2020.12_0004_39803123.png 1 0 0 0
13333_2020.12_0004_39803039.png 1 1 0 0
13333_2020.12_0004_39803043.png 1 1 0 0
13333_2020.12_0004_39803060.png 1 0 0 0
13333_2020.12_0004_39803075.png 1 0 0 0
13333_2020.12_0004_39803115.png 1 0 0 0
13333_2020.12_0004_39810370.png 1 0 0 0
13333_2020.12_0004_39803139.png 1 0 1 0
13333_2020.12_0004_39803114.png 1 0 0 0
13333_2020.12_0004_39803127.png 1 0 0 0
13333_2020.12_0004_39803124.png 1 0 0 0
13333_2020.12_0004_39803090.png 1 0 0 0
13333_2020.12_0004_39803126.png 1 0 0 0
13333_2020.12_0004_39803059.png 1 0 0 0
13333_2021.12_0007_57297497.png 1 0 0 0
13333_2021.12_0007_57297486.png 1 0 0 1
13333_2021.12_0007_57297492.png 1 0 0 0
13333_2021.12_0007_57297415.png 1 0 0 0
13333_2021.12_0007_57297468.png 1 1 1 1
13333_2021.12_0007_57297457.png 1 1 0 1
13333_2021.12_0007_57297453.png 1 0 0 0
13333_2021.12_0007_57297464.png 1 1 1 0
13333_2021.12_0007_57297413.png 1 0 0 0
13333_2021.12_0007_57297477.png 1 0 0 1
13333_2021.12_0007_57297426.png 1 0 0 0
13333_2021.12_0007_57297483.png 1 0 0 1
13333_2021.12_0007_57297412.png 1 0 0 0
13333_2021.12_0007_57297444.png 1 0 0 0
13333_2021.12_0007_57297439.png 1 1 0 0
13333_2021.12_0007_57297526.png 1 1 1 0
13333_2021.12_0007_57297435.png 1 1 0 0
13333_2021.12_0007_57297417.png 1 0 0 0
13333_2021.12_0007_57297428.png 1 0 0 0
13333_2021.12_0007_57297448.png 1 0 0 1
13333_2021.12_0007_57297459.png 1 0 0 1
13333_2021.12_0007_57297470.png 1 1 0 1
13333_2021.12_0007_57297510.png 1 0 0 0
13333_2021.12_0007_57297488.png 1 1 0 0
13333_2021.12_0007_57297433.png 1 1 1 0
13333_2021.12_0007_57297512.png 1 0 0 0
13333_2021.12_0007_57297461.png 1 0 0 1
13333_2021.12_0007_57297450.png 1 0 0 1
13333_2021.12_0007_57297424.png 1 0 0 0
13333_2021.12_0007_57297490.png 1 0 0 1
13333_2021.12_0007_57297481.png 1 0 0 1
13333_2021.12_0007_57297430.png 1 1 1 0
13333_2021.12_0007_57297479.png 1 0 0 1
13333_2021.12_0007_57297419.png 1 0 0 0
13333_2021.12_0007_57297422.png 1 0 0 0
13333_2021.12_0007_57297441.png 1 0 0 0
13333_2021.12_0007_57297455.png 1 0 0 1
13333_2021.12_0007_57297437.png 1 1 0 0
13333_2021.12_0009_56514302.png 1 1 0 0
13333_2021.04_0000_44779395.png 1 0 0 0
13333_2021.04_0000_44779422.png 1 0 0 0
13333_2021.04_0000_44779320.png 1 0 0 0
13333_2021.04_0000_44777725.png 1 0 0 0
13333_2021.04_0000_44777751.png 1 0 0 0
13333_2021.04_0000_44779319.png 1 0 0 0
13333_2020.12_0002_39986569.png 1 1 0 0
13333_2020.12_0002_39986440.png 0 1 0 0
13333_2020.12_0002_39984188.png 1 1 0 0
13333_2020.12_0002_39986610.png 1 1 0 0
13333_2020.12_0002_39986541.png 1 1 0 0
13333_2020.12_0002_39986638.png 1 1 1 0
13333_2020.12_0002_39986542.png 1 1 0 0
13333_2020.12_0002_39987648.png 1 1 0 0
13333_2020.12_0002_39986606.png 1 1 0 0
13333_2020.12_0002_39986627.png 1 1 0 0
13333_2020.12_0002_39985155.png 1 1 0 0
13333_2020.12_0002_39987634.png 0 1 0 0
13333_2020.12_0002_39986325.png 1 1 0 0
13333_2020.12_0002_39986442.png 1 1 0 0
13333_2020.12_0002_39985152.png 1 1 0 0
13333_2020.12_0002_39986431.png 1 1 0 0
13333_2020.12_0002_39986653.png 1 1 0 0
13333_2020.12_0002_39987639.png 1 1 0 0
13333_2020.12_0002_39986332.png 1 1 0 0
13333_2020.12_0002_39987465.png 1 1 0 0
13333_2020.12_0002_39987557.png 0 1 0 0
13333_2020.12_0002_39986439.png 1 1 0 0
13333_2020.12_0002_39986362.png 1 1 0 0
13333_2020.12_0002_39986540.png 1 1 0 0
13333_2020.12_0002_39986544.png 1 1 0 0
13333_2020.12_0002_39986378.png 1 1 0 0
13333_2020.12_0002_39986341.png 1 1 0 0
13333_2020.12_0002_39986494.png 1 1 0 0
13333_2020.12_0002_39986599.png 1 1 0 0
13333_2020.12_0002_39987645.png 1 1 0 0
13333_2020.12_0002_39986609.png 1 1 0 0
13333_2020.12_0002_39986657.png 0 1 0 0
13333_2020.12_0002_39987595.png 0 1 0 0
13333_2021.12_0002_57427825.png 1 1 0 0
13333_2021.12_0002_57427841.png 1 1 0 0
13333_2021.12_0002_57427832.png 1 1 0 0
13333_2021.12_0002_57427798.png 1 1 0 0
13333_2021.12_0000_57155753.png 0 1 1 0
13333_2021.12_0000_57155748.png 0 1 0 0
13333_2021.12_0000_57155746.png 0 1 1 0
13333_2021.12_0000_57155747.png 0 1 0 0
13333_2021.07_0000_50128464.png 1 1 1 0
13333_2021.07_0000_50128467.png 1 1 1 0
13333_2021.07_0000_50128451.png 1 1 1 0
13333_2021.07_0000_50128455.png 1 1 1 0
13333_2021.01_0003_41583338.png 1 1 1 0
13333_2021.01_0003_41331736.png 1 1 1 0
13333_2021.01_0003_41332452.png 0 1 0 0
13333_2021.01_0003_41332454.png 0 1 0 0
13333_2021.01_0003_41583112.png 0 1 0 0
13333_2021.01_0003_41583339.png 0 1 1 0
13333_2021.01_0003_41583135.png 0 1 0 0
13333_2021.01_0003_41332459.png 0 1 0 0
13333_2021.01_0003_41332451.png 0 1 1 0
13333_2021.11_0001_55806986.png 0 0 1 0
13333_2021.12_0004_57458530.png 0 0 1 0
13333_2021.12_0004_57458540.png 0 0 1 0
13333_2021.12_0004_57458549.png 0 0 1 0
13333_2021.12_0004_57458607.png 0 0 1 0
13333_2021.12_0004_57458547.png 0 0 1 0
13333_2021.12_0004_57458545.png 0 0 1 0
13333_2021.12_0004_57458557.png 0 0 1 0
13333_2021.12_0004_57458541.png 0 0 1 0
13333_2021.12_0004_57458542.png 0 0 1 0
13333_2021.12_0004_57458532.png 0 0 1 0
13333_2021.12_0004_57458608.png 0 0 1 0
13333_2021.12_0004_57458526.png 0 0 1 0
13333_2021.12_0004_57458552.png 0 0 1 0
13333_2021.12_0004_57458598.png 0 0 1 0
13333_2021.12_0004_57458597.png 0 0 1 0
13333_2021.12_0004_57458551.png 0 0 1 0
13333_2021.12_0004_57458544.png 0 0 1 0
13333_2021.12_0004_57458546.png 0 0 1 0
13333_2021.12_0004_57458548.png 0 0 1 0
13333_2021.07_0001_50072119.png 1 1 1 0
13333_2021.07_0001_50072198.png 1 0 1 0
13333_2021.07_0001_50072470.png 1 0 1 0
13333_2021.07_0001_50072170.png 1 0 1 0
13333_2021.07_0001_50072151.png 1 1 1 0
13333_2021.07_0001_50072802.png 1 0 1 0
13333_2021.07_0001_50072200.png 1 0 1 0
13333_2021.07_0001_50072313.png 1 0 1 0
13333_2021.09_0003_51743331.png 0 1 1 0
13333_2021.09_0003_51743352.png 0 0 1 0
13333_2021.01_0000_41224567.png 0 1 1 0
13333_2021.01_0000_41224617.png 1 0 1 0
13333_2021.01_0000_41224395.png 0 0 1 0
13333_2021.01_0000_41225574.png 0 1 1 0
13333_2021.01_0000_41224708.png 1 0 1 0
13333_2021.01_0000_41224861.png 0 1 1 0
13333_2021.01_0000_41224097.png 0 0 1 0
13333_2021.09_0002_51747297.png 1 0 1 1
13333_2021.09_0001_51688951.png 1 0 0 1
13333_2021.09_0001_51688686.png 0 0 1 1
13333_2021.09_0001_51688679.png 0 0 1 1
13333_2021.09_0001_51688680.png 0 0 0 1
13333_2021.09_0001_51688677.png 0 0 1 1
13333_2021.09_0001_51688953.png 1 0 0 1
13333_2021.09_0001_51689179.png 1 0 0 1
13333_2021.09_0001_51688957.png 1 0 0 1
13333_2021.09_0001_51688927.png 0 0 0 1
13333_2021.09_0001_51689688.png 1 0 0 1
13333_2021.09_0001_51689649.png 1 0 0 1
13333_2021.09_0001_51688919.png 0 0 0 1
13333_2021.09_0001_51688961.png 0 0 0 1
13333_2021.09_0001_51688676.png 0 0 1 1
13333_2021.09_0001_51688920.png 0 0 0 1
13333_2021.09_0001_51688913.png 0 0 0 1
13333_2021.09_0001_51688916.png 0 0 0 1
13333_2021.09_0001_51689673.png 1 0 0 1
13333_2021.09_0001_51688684.png 0 0 1 1
13333_2021.09_0001_51688929.png 0 0 0 1
13333_2021.09_0001_51688673.png 0 0 0 1
13333_2021.09_0001_51688917.png 0 0 0 1
13333_2021.09_0001_51688685.png 0 0 0 1
13333_2021.09_0001_51689646.png 1 0 0 1
13333_2021.09_0001_51688926.png 0 0 0 1
13333_2021.09_0001_51688921.png 0 0 0 1
13333_2021.09_0001_51688678.png 0 0 1 1
13333_2021.09_0001_51688933.png 1 0 0 1
13333_2021.09_0001_51688934.png 0 0 0 1
13333_2021.09_0001_51688930.png 0 0 0 1
13333_2021.09_0001_51688928.png 0 0 0 1
13333_2021.09_0001_51688931.png 1 0 0 1
13333_2021.09_0001_51688936.png 1 0 0 1
13333_2021.09_0001_51688954.png 1 0 0 1
13333_2021.09_0001_51688952.png 1 0 0 1
13333_2021.09_0001_51688937.png 1 0 0 1
13333_2021.09_0001_51688670.png 0 0 0 1
13333_2021.09_0001_51688932.png 1 0 0 1
13333_2021.09_0001_51688674.png 0 0 0 1
13333_2021.09_0001_51688918.png 0 0 0 1
13333_2021.09_0001_51688881.png 0 0 0 1
13333_2021.09_0001_51688935.png 1 0 0 1
13333_2021.09_0001_51688956.png 1 0 0 1
13333_2021.09_0001_51688958.png 1 0 0 1
13333_2021.09_0001_51688687.png 0 0 1 1
13333_2021.09_0001_51688682.png 0 0 0 1
13333_2021.09_0001_51688949.png 1 0 0 1
13333_2021.09_0001_51688950.png 1 0 0 1
13333_2021.09_0001_51688959.png 1 0 0 1
13333_2021.09_0001_51689658.png 1 0 0 1
13333_2021.09_0001_51688672.png 0 0 0 1
13333_2021.09_0001_51688688.png 0 0 1 1
13333_2021.09_0001_51688681.png 0 0 1 1
13333_2021.09_0001_51688948.png 1 0 0 1
13333_2021.09_0001_51688675.png 0 0 1 1
13333_2021.09_0001_51688923.png 0 0 0 1
13333_2021.09_0001_51688924.png 0 0 0 1
13333_2021.09_0001_51689912.png 0 0 0 1
13333_2021.09_0001_51688925.png 0 0 0 1
13333_2021.09_0001_51688955.png 1 0 0 1
13333_2021.09_0001_51688669.png 0 0 0 1
13333_2021.09_0001_51688683.png 0 0 1 1
13333_2021.08_0007_51346048.png 0 0 1 1
13333_2021.08_0007_50950824.png 0 0 1 1
13333_2021.08_0007_51346049.png 0 0 1 1
13333_2021.08_0007_51346052.png 0 0 1 1
13333_2021.08_0007_51345995.png 0 0 0 1
13333_2021.08_0007_51346099.png 0 0 1 1
13333_2021.08_0007_51346335.png 0 0 0 1
13333_2021.08_0007_51345996.png 0 1 0 1
13333_2021.08_0007_51345994.png 0 0 0 1
13333_2021.08_0007_51345997.png 0 1 0 1
13333_2021.06_0000_48586898.png 0 0 0 1
13333_2021.10_0001_53188323.png 0 1 0 1
13333_2021.10_0001_53188324.png 0 1 0 1
