13333_2021.12_0005_56232338.png 1 0 0 0
13333_2021.12_0005_56232422.png 1 0 0 0
13333_2021.12_0005_56231656.png 1 0 0 0
13333_2021.12_0005_56232336.png 1 0 0 0
13333_2021.12_0005_56232309.png 1 0 0 0
13333_2021.12_0005_56232347.png 1 0 0 0
13333_2021.12_0005_56231475.png 1 0 0 0
13333_2021.12_0005_56231867.png 1 0 0 0
13333_2021.12_0005_56232403.png 1 0 0 0
13333_2021.09_0003_51743350.png 0 1 0 0
13333_2021.09_0003_51743353.png 1 1 0 0
13333_2021.09_0003_51743343.png 0 1 0 0
13333_2021.09_0003_51743348.png 0 1 0 0
13333_2021.09_0003_51743331.png 0 1 1 0
13333_2020.12_0000_39831602.png 0 0 1 0
13333_2020.12_0000_39831946.png 0 0 1 0
13333_2020.12_0000_39831949.png 0 0 1 0
13333_2020.12_0000_39831706.png 0 0 1 0
13333_2020.12_0000_39831534.png 0 0 1 0
13333_2021.11_0002_54971866.png 1 0 0 1
