13333_2021.11_0004_55473732.png 1 0 0 0
13333_2020.12_0003_40594801.png 1 0 0 0
13333_2020.12_0003_40594802.png 1 1 0 0
13333_2020.12_0003_40594800.png 1 0 0 0
13333_2020.12_0003_40594799.png 1 0 0 0
13333_2020.12_0002_39986569.png 1 1 0 0
13333_2020.12_0002_39986546.png 1 0 0 0
13333_2020.12_0002_39984188.png 1 1 0 0
13333_2020.12_0002_39985254.png 1 0 0 0
13333_2020.12_0002_39986610.png 1 1 0 0
13333_2020.12_0002_39986541.png 1 1 0 0
13333_2020.12_0002_39986552.png 1 0 1 0
13333_2020.12_0002_39986638.png 1 1 1 0
13333_2020.12_0002_39986542.png 1 1 0 0
13333_2020.12_0002_39987648.png 1 1 0 0
13333_2020.12_0002_39986559.png 1 0 0 0
13333_2020.12_0002_39986606.png 1 1 0 0
13333_2020.12_0002_39986627.png 1 1 0 0
13333_2020.12_0002_39985155.png 1 1 0 0
13333_2020.12_0002_39986325.png 1 1 0 0
13333_2020.12_0002_39986543.png 1 0 0 0
13333_2020.12_0002_39986442.png 1 1 0 0
13333_2020.12_0002_39985233.png 1 0 0 0
13333_2020.12_0002_39986554.png 1 0 0 0
13333_2020.12_0002_39985152.png 1 1 0 0
13333_2020.12_0002_39986431.png 1 1 0 0
13333_2020.12_0002_39986653.png 1 1 0 0
13333_2020.12_0002_39987639.png 1 1 0 0
13333_2020.12_0002_39986553.png 1 0 0 0
13333_2020.12_0002_39985171.png 1 0 0 0
13333_2020.12_0002_39986332.png 1 1 0 0
13333_2020.12_0002_39985792.png 1 0 0 0
13333_2020.12_0002_39987465.png 1 1 0 0
13333_2020.12_0002_39986548.png 1 0 0 0
13333_2020.12_0002_39986439.png 1 1 0 0
13333_2020.12_0002_39986362.png 1 1 0 0
13333_2020.12_0002_39986563.png 1 0 0 0
13333_2020.12_0002_39986540.png 1 1 0 0
13333_2020.12_0002_39986544.png 1 1 0 0
13333_2020.12_0002_39986674.png 1 0 0 0
13333_2020.12_0002_39986420.png 1 0 0 0
13333_2020.12_0002_39986286.png 1 0 0 0
13333_2020.12_0002_39986378.png 1 1 0 0
13333_2020.12_0002_39986315.png 1 0 0 0
13333_2020.12_0002_39986634.png 1 0 0 0
13333_2020.12_0002_39986630.png 1 0 0 0
13333_2020.12_0002_39986341.png 1 1 0 0
13333_2020.12_0002_39986545.png 1 0 0 0
13333_2020.12_0002_39986494.png 1 1 0 0
13333_2020.12_0002_39986599.png 1 1 0 0
13333_2020.12_0002_39985221.png 1 0 1 0
13333_2020.12_0002_39987645.png 1 1 0 0
13333_2020.12_0002_39986609.png 1 1 0 0
13333_2021.12_0003_57524886.png 1 0 0 0
13333_2021.12_0009_56514302.png 1 1 0 0
13333_2021.09_0002_51747303.png 1 1 0 0
13333_2021.09_0002_51747301.png 1 1 1 0
13333_2021.09_0002_51747297.png 1 0 1 1
13333_2021.09_0002_51747300.png 1 1 0 0
13333_2021.09_0002_51747299.png 1 0 1 0
13333_2021.09_0002_51747302.png 1 1 0 0
13333_2021.08_0004_51381902.png 1 1 0 0
13333_2021.08_0004_51380823.png 1 1 0 0
13333_2021.08_0004_51382125.png 1 1 0 0
13333_2021.08_0004_51381618.png 1 1 0 1
13333_2021.08_0004_51381104.png 1 1 0 1
13333_2021.08_0004_51380738.png 1 1 0 0
13333_2021.08_0004_51380737.png 1 1 0 0
13333_2021.08_0004_51381317.png 1 1 0 0
13333_2021.08_0004_51381059.png 1 1 1 0
13333_2021.08_0004_51382139.png 1 1 0 0
13333_2021.08_0004_51380821.png 1 1 0 0
13333_2021.08_0004_51380739.png 1 1 0 0
13333_2021.08_0004_51380736.png 1 1 0 0
13333_2021.08_0004_51380820.png 1 1 0 0
13333_2021.08_0004_51381802.png 1 1 0 0
13333_2021.08_0004_51380741.png 1 1 0 0
13333_2021.01_0000_41224617.png 1 0 1 0
13333_2021.01_0000_41223967.png 1 0 0 0
13333_2021.01_0000_41224708.png 1 0 1 0
13333_2021.01_0005_41459203.png 1 0 0 0
13333_2021.10_0001_53183253.png 1 0 0 0
13333_2021.10_0001_53187988.png 1 1 0 0
13333_2021.10_0001_53188293.png 1 0 0 0
13333_2021.10_0001_53187749.png 1 0 0 0
13333_2021.10_0001_53188056.png 1 0 0 0
13333_2021.10_0001_53188130.png 1 0 0 0
13333_2021.10_0001_53187232.png 1 0 0 0
13333_2021.10_0001_53188094.png 1 0 0 0
13333_2021.10_0001_53187993.png 1 1 0 0
13333_2021.10_0001_53187924.png 1 1 0 0
13333_2021.10_0001_53188058.png 1 0 0 0
13333_2021.10_0001_53187784.png 1 0 0 0
13333_2021.12_0001_56922635.png 1 1 0 0
13333_2021.12_0001_56922626.png 1 1 0 0
13333_2021.12_0001_56922546.png 1 1 0 0
13333_2021.12_0001_56922627.png 1 1 0 0
13333_2021.12_0001_56922523.png 0 1 0 0
13333_2021.12_0001_56922640.png 1 1 0 0
13333_2021.12_0001_56922636.png 1 1 0 0
13333_2021.12_0001_56922637.png 1 1 0 0
13333_2021.12_0006_55977222.png 1 1 0 0
13333_2021.12_0006_55977210.png 0 1 0 0
13333_2021.12_0006_55977223.png 0 1 0 0
13333_2021.12_0006_55977207.png 0 1 0 0
13333_2021.12_0006_55977220.png 0 1 0 0
13333_2021.12_0006_55977219.png 0 1 0 0
13333_2021.12_0006_55977217.png 0 1 0 0
13333_2021.12_0006_55977221.png 0 1 0 0
13333_2021.12_0006_55977211.png 0 1 0 0
13333_2021.12_0006_55977205.png 0 1 0 0
13333_2021.07_0001_50072119.png 1 1 1 0
13333_2021.07_0001_50072106.png 1 1 0 0
13333_2021.07_0001_50071486.png 0 1 0 0
13333_2021.07_0001_50071362.png 0 1 0 0
13333_2021.07_0001_50072151.png 1 1 1 0
13333_2021.07_0001_50071336.png 0 1 0 0
13333_2021.07_0001_50072291.png 0 1 0 0
13333_2021.07_0000_50128464.png 1 1 1 0
13333_2021.07_0000_50128467.png 1 1 1 0
13333_2021.07_0000_50128451.png 1 1 1 0
13333_2021.07_0000_50128455.png 1 1 1 0
13333_2021.09_0003_51743350.png 0 1 0 0
13333_2021.09_0003_51743353.png 1 1 0 0
13333_2021.09_0003_51743343.png 0 1 0 0
13333_2021.09_0003_51743348.png 0 1 0 0
13333_2021.09_0003_51743331.png 0 1 1 0
13333_2021.09_0001_51689916.png 1 1 0 0
13333_2021.09_0001_51689914.png 0 1 1 0
13333_2021.09_0001_51689915.png 0 1 0 0
13333_2021.08_0007_51345236.png 0 1 1 0
13333_2021.08_0007_51343719.png 1 1 0 0
13333_2021.08_0007_50954012.png 0 1 0 0
13333_2021.08_0007_50951398.png 0 1 1 0
13333_2021.08_0007_51342969.png 0 1 1 0
13333_2021.08_0007_51342960.png 0 1 1 0
13333_2021.08_0007_51345154.png 1 1 0 0
13333_2021.08_0007_51345941.png 0 1 0 0
13333_2021.08_0007_51342942.png 0 1 0 0
13333_2021.08_0007_51345996.png 0 1 0 1
13333_2021.08_0007_50953515.png 0 1 1 0
13333_2021.08_0007_51343714.png 1 1 0 0
13333_2021.08_0007_50952962.png 0 1 0 0
13333_2021.08_0007_51343198.png 1 1 0 0
13333_2021.08_0007_51343717.png 1 1 0 0
13333_2021.08_0007_51342950.png 0 1 1 0
13333_2021.08_0007_50954576.png 0 1 1 0
13333_2021.08_0007_50954371.png 0 1 1 0
13333_2021.08_0007_51342955.png 0 1 0 0
13333_2021.08_0007_50955084.png 0 1 0 0
13333_2021.08_0007_51342964.png 0 1 1 0
13333_2021.08_0007_51343711.png 1 1 0 0
13333_2021.08_0007_51345997.png 0 1 0 1
13333_2021.01_0003_41583338.png 1 1 1 0
13333_2021.01_0003_41331736.png 1 1 1 0
13333_2021.01_0003_41332452.png 0 1 0 0
13333_2021.01_0003_41332454.png 0 1 0 0
13333_2021.01_0003_41583112.png 0 1 0 0
13333_2021.01_0003_41583339.png 0 1 1 0
13333_2021.01_0003_41583135.png 0 1 0 0
13333_2021.01_0003_41332459.png 0 1 0 0
13333_2021.01_0003_41332451.png 0 1 1 0
13333_2021.03_0002_42874388.png 0 1 1 0
13333_2021.03_0002_42874498.png 0 1 0 0
13333_2021.03_0002_42874496.png 0 1 0 0
13333_2021.03_0002_42874601.png 1 1 0 0
13333_2021.03_0002_42874062.png 1 1 0 0
13333_2021.03_0002_42874063.png 0 1 0 0
13333_2021.03_0002_42874087.png 1 1 0 0
13333_2021.03_0002_42874284.png 0 1 0 0
13333_2021.03_0002_42874016.png 1 1 1 0
13333_2021.03_0002_42874073.png 1 1 0 0
13333_2021.03_0002_42874571.png 0 1 0 0
13333_2021.03_0002_42874112.png 0 1 0 0
13333_2021.03_0002_42874082.png 0 1 0 0
13333_2021.03_0002_42874022.png 0 1 0 0
13333_2021.03_0002_42874298.png 0 1 0 0
13333_2021.03_0002_42874342.png 0 1 0 0
13333_2021.03_0002_42874297.png 0 1 0 0
13333_2021.03_0002_42874572.png 0 1 0 0
13333_2021.03_0002_42874558.png 0 1 0 0
13333_2021.03_0002_42874544.png 0 1 0 0
13333_2021.03_0002_42874326.png 0 1 1 0
13333_2021.03_0002_42874503.png 0 1 0 0
13333_2021.03_0002_42874461.png 0 1 0 0
13333_2021.03_0002_42874344.png 0 1 1 0
13333_2021.03_0002_42874028.png 1 1 0 0
13333_2021.03_0002_42874398.png 0 1 1 0
13333_2021.03_0002_42874173.png 1 1 0 0
13333_2021.03_0002_42874611.png 0 1 0 0
13333_2021.03_0002_42874287.png 0 1 0 0
13333_2021.03_0002_42874502.png 0 1 0 0
13333_2021.03_0002_42874504.png 0 1 0 0
13333_2021.03_0002_42874327.png 0 1 1 0
13333_2021.03_0002_42874568.png 0 1 0 0
13333_2021.03_0002_42874501.png 0 1 0 0
13333_2021.04_0003_44800992.png 0 1 0 0
13333_2021.04_0003_44800995.png 0 1 0 0
13333_2021.04_0003_44800997.png 0 1 0 0
13333_2021.04_0003_44800999.png 0 1 0 0
13333_2021.11_0003_55199307.png 0 0 1 0
13333_2021.11_0003_55200052.png 1 1 1 0
13333_2021.11_0001_55806986.png 0 0 1 0
13333_2020.12_0004_39803210.png 0 0 1 0
13333_2020.12_0004_39803139.png 1 0 1 0
13333_2020.12_0004_39803138.png 0 0 1 0
13333_2020.12_0000_39831602.png 0 0 1 0
13333_2020.12_0000_39831946.png 0 0 1 0
13333_2020.12_0000_39831949.png 0 0 1 0
13333_2020.12_0000_39831706.png 0 0 1 0
13333_2020.12_0000_39831534.png 0 0 1 0
13333_2021.12_0002_57427892.png 0 0 1 0
13333_2021.12_0002_57427234.png 0 0 1 0
13333_2021.12_0002_57427580.png 0 0 1 0
13333_2021.12_0002_57427764.png 1 0 1 0
13333_2021.12_0002_57427770.png 1 0 1 0
13333_2021.12_0002_57427783.png 1 0 1 0
13333_2021.12_0002_57427881.png 0 0 1 0
13333_2021.12_0002_57427891.png 0 0 1 0
13333_2021.12_0002_57427811.png 1 0 1 0
13333_2021.12_0002_57427753.png 1 0 1 0
13333_2021.12_0010_56270835.png 1 0 1 0
13333_2021.12_0010_56270185.png 0 1 1 0
13333_2021.12_0010_56270880.png 0 0 1 0
13333_2021.12_0010_56270875.png 1 0 1 0
13333_2021.12_0010_56270839.png 1 0 1 0
13333_2021.12_0010_56270881.png 1 0 1 0
13333_2021.12_0010_56270840.png 0 0 1 0
13333_2021.12_0010_56270876.png 1 0 1 0
13333_2021.12_0007_57297515.png 0 0 1 0
13333_2021.12_0007_57297468.png 1 1 1 1
13333_2021.12_0007_57297464.png 1 1 1 0
13333_2021.12_0007_57297466.png 0 1 1 1
13333_2021.12_0007_57297475.png 0 1 1 1
13333_2021.12_0007_57297526.png 1 1 1 0
13333_2021.12_0007_57297433.png 1 1 1 0
13333_2021.12_0007_57297430.png 1 1 1 0
13333_2021.12_0007_57297524.png 0 0 1 0
13333_2021.12_0004_57458530.png 0 0 1 0
13333_2021.12_0004_57458540.png 0 0 1 0
13333_2021.12_0004_57458549.png 0 0 1 0
13333_2021.12_0004_57458607.png 0 0 1 0
13333_2021.12_0004_57458547.png 0 0 1 0
13333_2021.12_0004_57458545.png 0 0 1 0
13333_2021.12_0004_57458557.png 0 0 1 0
13333_2021.12_0004_57458541.png 0 0 1 0
13333_2021.12_0004_57458542.png 0 0 1 0
13333_2021.12_0004_57458532.png 0 0 1 0
13333_2021.12_0004_57458608.png 0 0 1 0
13333_2021.12_0004_57458526.png 0 0 1 0
13333_2021.12_0004_57458552.png 0 0 1 0
13333_2021.12_0004_57458598.png 0 0 1 0
13333_2021.12_0004_57458597.png 0 0 1 0
13333_2021.12_0004_57458551.png 0 0 1 0
13333_2021.12_0004_57458544.png 0 0 1 0
13333_2021.12_0004_57458546.png 0 0 1 0
13333_2021.12_0004_57458548.png 0 0 1 0
13333_2021.09_0004_52719674.png 0 0 1 0
13333_2021.09_0004_52719508.png 0 0 1 0
13333_2021.09_0004_52719617.png 0 0 1 0
13333_2021.09_0004_52720500.png 0 0 1 0
13333_2021.09_0005_52292530.png 1 1 1 0
13333_2021.09_0005_52292442.png 1 0 1 0
13333_2021.09_0005_52291469.png 1 1 1 0
13333_2021.09_0005_52292521.png 1 1 1 0
13333_2021.09_0005_52292695.png 1 0 1 0
13333_2021.09_0005_52292083.png 1 0 1 0
13333_2021.09_0005_52293095.png 1 0 1 0
13333_2021.11_0002_54971866.png 1 0 0 1
13333_2021.06_0000_48586898.png 0 0 0 1
