13333_2021.12_0009_56514302.png 1 1 0 0
13333_2021.11_0000_55099537.png 1 1 0 0
13333_2021.11_0000_55099515.png 1 1 0 0
13333_2021.11_0000_55099514.png 0 1 0 0
13333_2021.11_0000_55099542.png 1 1 0 0
13333_2021.11_0000_55098892.png 0 1 0 0
13333_2021.11_0000_55098883.png 0 1 0 0
13333_2021.11_0000_55098894.png 0 1 0 0
13333_2021.11_0000_55099519.png 1 1 0 0
13333_2021.11_0000_55099608.png 0 1 0 0
13333_2021.11_0000_55098886.png 0 1 0 0
13333_2021.11_0000_55098893.png 0 1 0 0
13333_2021.11_0000_55099574.png 1 1 0 0
13333_2021.11_0000_55099517.png 1 1 0 0
13333_2021.11_0000_55099552.png 1 1 0 0
13333_2021.11_0000_55099630.png 0 1 0 0
13333_2021.11_0000_55098885.png 0 1 0 0
13333_2021.11_0000_55099619.png 0 1 0 0
13333_2021.11_0000_55098859.png 0 1 0 0
13333_2021.11_0000_55098889.png 0 1 0 0
13333_2021.11_0000_55099665.png 0 1 0 0
13333_2021.11_0000_55099586.png 0 1 0 0
13333_2021.11_0000_55099530.png 1 1 0 0
13333_2021.11_0000_55099680.png 0 1 0 0
13333_2021.11_0000_55098888.png 0 1 0 0
13333_2021.11_0000_55098867.png 0 1 0 0
13333_2021.11_0000_55098293.png 0 1 0 0
13333_2021.11_0000_55099236.png 1 1 0 0
13333_2021.11_0000_55098863.png 0 1 0 0
13333_2021.11_0000_55099597.png 0 1 0 0
13333_2021.11_0000_55098891.png 0 1 0 0
13333_2021.11_0000_55098895.png 0 1 0 0
13333_2021.11_0000_55099704.png 0 1 0 0
13333_2021.12_0002_57427892.png 0 0 1 0
13333_2021.12_0002_57427234.png 0 0 1 0
13333_2021.12_0002_57427580.png 0 0 1 0
13333_2021.12_0002_57427764.png 1 0 1 0
13333_2021.12_0002_57427770.png 1 0 1 0
13333_2021.12_0002_57427783.png 1 0 1 0
13333_2021.12_0002_57427881.png 0 0 1 0
13333_2021.12_0002_57427891.png 0 0 1 0
13333_2021.12_0002_57427811.png 1 0 1 0
13333_2021.12_0002_57427753.png 1 0 1 0
13333_2021.10_0001_53188323.png 0 1 0 1
13333_2021.10_0001_53188324.png 0 1 0 1
