13333_2021.11_0003_55200215.png 1 1 0 0
13333_2021.11_0003_55200256.png 1 0 0 0
13333_2021.11_0003_55200257.png 1 0 0 0
13333_2021.11_0003_55200149.png 1 1 0 0
13333_2021.11_0003_55199971.png 1 0 0 0
13333_2021.11_0003_55200034.png 1 1 0 0
13333_2021.11_0003_55199993.png 1 0 0 0
13333_2021.11_0003_55200015.png 1 1 0 0
13333_2021.11_0003_55200244.png 1 1 0 0
13333_2021.11_0003_55200252.png 1 1 0 0
13333_2021.11_0003_55200052.png 1 1 1 0
13333_2021.11_0003_55200249.png 1 1 0 0
13333_2021.11_0002_54971866.png 1 0 0 1
13333_2021.11_0004_55473732.png 1 0 0 0
13333_2021.10_0001_53183253.png 1 0 0 0
13333_2021.10_0001_53187988.png 1 1 0 0
13333_2021.10_0001_53188293.png 1 0 0 0
13333_2021.10_0001_53187749.png 1 0 0 0
13333_2021.10_0001_53188056.png 1 0 0 0
13333_2021.10_0001_53188130.png 1 0 0 0
13333_2021.10_0001_53187232.png 1 0 0 0
13333_2021.10_0001_53188094.png 1 0 0 0
13333_2021.10_0001_53187993.png 1 1 0 0
13333_2021.10_0001_53187924.png 1 1 0 0
13333_2021.10_0001_53188058.png 1 0 0 0
13333_2021.10_0001_53187784.png 1 0 0 0
13333_2021.04_0000_44779395.png 1 0 0 0
13333_2021.04_0000_44779422.png 1 0 0 0
13333_2021.04_0000_44779320.png 1 0 0 0
13333_2021.04_0000_44777725.png 1 0 0 0
13333_2021.04_0000_44777751.png 1 0 0 0
13333_2021.04_0000_44779319.png 1 0 0 0
13333_2020.12_0003_40594802.png 1 1 0 0
13333_2021.12_0002_57427825.png 1 1 0 0
13333_2021.12_0002_57427841.png 1 1 0 0
13333_2021.12_0002_57427832.png 1 1 0 0
13333_2021.12_0002_57427798.png 1 1 0 0
13333_2021.12_0010_56270844.png 0 1 0 0
13333_2021.12_0010_56270879.png 0 1 0 0
13333_2021.12_0010_56270189.png 1 1 0 0
13333_2021.12_0010_56270187.png 0 1 0 0
13333_2021.12_0010_56270193.png 1 1 0 0
13333_2021.12_0010_56270185.png 0 1 1 0
13333_2021.12_0010_56270179.png 1 1 0 0
13333_2021.12_0010_56270846.png 1 1 0 0
13333_2021.12_0010_56270877.png 0 1 0 0
13333_2021.12_0010_56270192.png 0 1 0 0
13333_2021.12_0010_56270196.png 0 1 0 0
13333_2021.09_0005_52292530.png 1 1 1 0
13333_2021.09_0005_52292405.png 1 1 0 0
13333_2021.09_0005_52292441.png 1 1 0 0
13333_2021.09_0005_52291469.png 1 1 1 0
13333_2021.09_0005_52292521.png 1 1 1 0
13333_2021.06_0000_48587447.png 0 1 0 0
13333_2021.06_0000_48586815.png 0 1 0 0
13333_2021.06_0000_48586793.png 0 1 0 0
13333_2021.06_0000_48586851.png 0 1 0 0
13333_2021.12_0001_56922538.png 0 0 1 0
13333_2021.12_0001_56922639.png 1 0 1 0
13333_2021.12_0001_56922544.png 1 0 1 0
13333_2021.12_0004_57458530.png 0 0 1 0
13333_2021.12_0004_57458540.png 0 0 1 0
13333_2021.12_0004_57458549.png 0 0 1 0
13333_2021.12_0004_57458607.png 0 0 1 0
13333_2021.12_0004_57458547.png 0 0 1 0
13333_2021.12_0004_57458545.png 0 0 1 0
13333_2021.12_0004_57458557.png 0 0 1 0
13333_2021.12_0004_57458541.png 0 0 1 0
13333_2021.12_0004_57458542.png 0 0 1 0
13333_2021.12_0004_57458532.png 0 0 1 0
13333_2021.12_0004_57458608.png 0 0 1 0
13333_2021.12_0004_57458526.png 0 0 1 0
13333_2021.12_0004_57458552.png 0 0 1 0
13333_2021.12_0004_57458598.png 0 0 1 0
13333_2021.12_0004_57458597.png 0 0 1 0
13333_2021.12_0004_57458551.png 0 0 1 0
13333_2021.12_0004_57458544.png 0 0 1 0
13333_2021.12_0004_57458546.png 0 0 1 0
13333_2021.12_0004_57458548.png 0 0 1 0
13333_2021.12_0000_57155543.png 1 0 1 0
13333_2021.12_0000_57155753.png 0 1 1 0
13333_2021.12_0000_57155751.png 0 0 1 0
13333_2021.12_0000_57155683.png 0 0 1 0
13333_2021.12_0000_57155749.png 1 0 1 0
13333_2021.12_0000_57155750.png 0 0 1 0
13333_2021.12_0000_57155746.png 0 1 1 0
13333_2021.12_0000_57155542.png 0 0 1 0
13333_2021.01_0004_41724422.png 0 0 1 0
13333_2021.01_0005_41459042.png 0 0 1 1
13333_2021.12_0009_56515487.png 0 0 0 1
13333_2021.09_0002_51747297.png 1 0 1 1
13333_2021.09_0001_51688951.png 1 0 0 1
13333_2021.09_0001_51688686.png 0 0 1 1
13333_2021.09_0001_51688679.png 0 0 1 1
13333_2021.09_0001_51688680.png 0 0 0 1
13333_2021.09_0001_51688677.png 0 0 1 1
13333_2021.09_0001_51688953.png 1 0 0 1
13333_2021.09_0001_51689179.png 1 0 0 1
13333_2021.09_0001_51688957.png 1 0 0 1
13333_2021.09_0001_51688927.png 0 0 0 1
13333_2021.09_0001_51689688.png 1 0 0 1
13333_2021.09_0001_51689649.png 1 0 0 1
13333_2021.09_0001_51688919.png 0 0 0 1
13333_2021.09_0001_51688961.png 0 0 0 1
13333_2021.09_0001_51688676.png 0 0 1 1
13333_2021.09_0001_51688920.png 0 0 0 1
13333_2021.09_0001_51688913.png 0 0 0 1
13333_2021.09_0001_51688916.png 0 0 0 1
13333_2021.09_0001_51689673.png 1 0 0 1
13333_2021.09_0001_51688684.png 0 0 1 1
13333_2021.09_0001_51688929.png 0 0 0 1
13333_2021.09_0001_51688673.png 0 0 0 1
13333_2021.09_0001_51688917.png 0 0 0 1
13333_2021.09_0001_51688685.png 0 0 0 1
13333_2021.09_0001_51689646.png 1 0 0 1
13333_2021.09_0001_51688926.png 0 0 0 1
13333_2021.09_0001_51688921.png 0 0 0 1
13333_2021.09_0001_51688678.png 0 0 1 1
13333_2021.09_0001_51688933.png 1 0 0 1
13333_2021.09_0001_51688934.png 0 0 0 1
13333_2021.09_0001_51688930.png 0 0 0 1
13333_2021.09_0001_51688928.png 0 0 0 1
13333_2021.09_0001_51688931.png 1 0 0 1
13333_2021.09_0001_51688936.png 1 0 0 1
13333_2021.09_0001_51688954.png 1 0 0 1
13333_2021.09_0001_51688952.png 1 0 0 1
13333_2021.09_0001_51688937.png 1 0 0 1
13333_2021.09_0001_51688670.png 0 0 0 1
13333_2021.09_0001_51688932.png 1 0 0 1
13333_2021.09_0001_51688674.png 0 0 0 1
13333_2021.09_0001_51688918.png 0 0 0 1
13333_2021.09_0001_51688881.png 0 0 0 1
13333_2021.09_0001_51688935.png 1 0 0 1
13333_2021.09_0001_51688956.png 1 0 0 1
13333_2021.09_0001_51688958.png 1 0 0 1
13333_2021.09_0001_51688687.png 0 0 1 1
13333_2021.09_0001_51688682.png 0 0 0 1
13333_2021.09_0001_51688949.png 1 0 0 1
13333_2021.09_0001_51688950.png 1 0 0 1
13333_2021.09_0001_51688959.png 1 0 0 1
13333_2021.09_0001_51689658.png 1 0 0 1
13333_2021.09_0001_51688672.png 0 0 0 1
13333_2021.09_0001_51688688.png 0 0 1 1
13333_2021.09_0001_51688681.png 0 0 1 1
13333_2021.09_0001_51688948.png 1 0 0 1
13333_2021.09_0001_51688675.png 0 0 1 1
13333_2021.09_0001_51688923.png 0 0 0 1
13333_2021.09_0001_51688924.png 0 0 0 1
13333_2021.09_0001_51689912.png 0 0 0 1
13333_2021.09_0001_51688925.png 0 0 0 1
13333_2021.09_0001_51688955.png 1 0 0 1
13333_2021.09_0001_51688669.png 0 0 0 1
13333_2021.09_0001_51688683.png 0 0 1 1
13333_2021.08_0007_51346048.png 0 0 1 1
13333_2021.08_0007_50950824.png 0 0 1 1
13333_2021.08_0007_51346049.png 0 0 1 1
13333_2021.08_0007_51346052.png 0 0 1 1
13333_2021.08_0007_51345995.png 0 0 0 1
13333_2021.08_0007_51346099.png 0 0 1 1
13333_2021.08_0007_51346335.png 0 0 0 1
13333_2021.08_0007_51345996.png 0 1 0 1
13333_2021.08_0007_51345994.png 0 0 0 1
13333_2021.08_0007_51345997.png 0 1 0 1
13333_2021.08_0004_51381618.png 1 1 0 1
13333_2021.08_0004_51381104.png 1 1 0 1
