13333_2020.12_0002_39986569.png 1 1 0 0
13333_2020.12_0002_39986546.png 1 0 0 0
13333_2020.12_0002_39984188.png 1 1 0 0
13333_2020.12_0002_39985254.png 1 0 0 0
13333_2020.12_0002_39986610.png 1 1 0 0
13333_2020.12_0002_39986541.png 1 1 0 0
13333_2020.12_0002_39986552.png 1 0 1 0
13333_2020.12_0002_39986638.png 1 1 1 0
13333_2020.12_0002_39986542.png 1 1 0 0
13333_2020.12_0002_39987648.png 1 1 0 0
13333_2020.12_0002_39986559.png 1 0 0 0
13333_2020.12_0002_39986606.png 1 1 0 0
13333_2020.12_0002_39986627.png 1 1 0 0
13333_2020.12_0002_39985155.png 1 1 0 0
13333_2020.12_0002_39986325.png 1 1 0 0
13333_2020.12_0002_39986543.png 1 0 0 0
13333_2020.12_0002_39986442.png 1 1 0 0
13333_2020.12_0002_39985233.png 1 0 0 0
13333_2020.12_0002_39986554.png 1 0 0 0
13333_2020.12_0002_39985152.png 1 1 0 0
13333_2020.12_0002_39986431.png 1 1 0 0
13333_2020.12_0002_39986653.png 1 1 0 0
13333_2020.12_0002_39987639.png 1 1 0 0
13333_2020.12_0002_39986553.png 1 0 0 0
13333_2020.12_0002_39985171.png 1 0 0 0
13333_2020.12_0002_39986332.png 1 1 0 0
13333_2020.12_0002_39985792.png 1 0 0 0
13333_2020.12_0002_39987465.png 1 1 0 0
13333_2020.12_0002_39986548.png 1 0 0 0
13333_2020.12_0002_39986439.png 1 1 0 0
13333_2020.12_0002_39986362.png 1 1 0 0
13333_2020.12_0002_39986563.png 1 0 0 0
13333_2020.12_0002_39986540.png 1 1 0 0
13333_2020.12_0002_39986544.png 1 1 0 0
13333_2020.12_0002_39986674.png 1 0 0 0
13333_2020.12_0002_39986420.png 1 0 0 0
13333_2020.12_0002_39986286.png 1 0 0 0
13333_2020.12_0002_39986378.png 1 1 0 0
13333_2020.12_0002_39986315.png 1 0 0 0
13333_2020.12_0002_39986634.png 1 0 0 0
13333_2020.12_0002_39986630.png 1 0 0 0
13333_2020.12_0002_39986341.png 1 1 0 0
13333_2020.12_0002_39986545.png 1 0 0 0
13333_2020.12_0002_39986494.png 1 1 0 0
13333_2020.12_0002_39986599.png 1 1 0 0
13333_2020.12_0002_39985221.png 1 0 1 0
13333_2020.12_0002_39987645.png 1 1 0 0
13333_2020.12_0002_39986609.png 1 1 0 0
13333_2020.12_0004_39803044.png 1 1 0 0
13333_2020.12_0004_39803087.png 1 0 0 0
13333_2020.12_0004_39803029.png 1 0 0 0
13333_2020.12_0004_39803046.png 1 1 0 0
13333_2020.12_0004_39803081.png 1 0 0 0
13333_2020.12_0004_39803123.png 1 0 0 0
13333_2020.12_0004_39803039.png 1 1 0 0
13333_2020.12_0004_39803043.png 1 1 0 0
13333_2020.12_0004_39803060.png 1 0 0 0
13333_2020.12_0004_39803075.png 1 0 0 0
13333_2020.12_0004_39803115.png 1 0 0 0
13333_2020.12_0004_39810370.png 1 0 0 0
13333_2020.12_0004_39803139.png 1 0 1 0
13333_2020.12_0004_39803114.png 1 0 0 0
13333_2020.12_0004_39803127.png 1 0 0 0
13333_2020.12_0004_39803124.png 1 0 0 0
13333_2020.12_0004_39803090.png 1 0 0 0
13333_2020.12_0004_39803126.png 1 0 0 0
13333_2020.12_0004_39803059.png 1 0 0 0
13333_2021.12_0002_57427804.png 1 0 0 0
13333_2021.12_0002_57427800.png 1 0 0 0
13333_2021.12_0002_57427889.png 1 0 0 0
13333_2021.12_0002_57427886.png 1 0 0 0
13333_2021.12_0002_57427880.png 1 0 0 0
13333_2021.12_0002_57427807.png 1 0 0 0
13333_2021.12_0002_57427887.png 1 0 0 0
13333_2021.12_0002_57427803.png 1 0 0 0
13333_2021.12_0002_57427885.png 1 0 0 0
13333_2021.12_0002_57427764.png 1 0 1 0
13333_2021.12_0002_57427770.png 1 0 1 0
13333_2021.12_0002_57427825.png 1 1 0 0
13333_2021.12_0002_57427841.png 1 1 0 0
13333_2021.12_0002_57427865.png 1 0 0 0
13333_2021.12_0002_57427890.png 1 0 0 0
13333_2021.12_0002_57427783.png 1 0 1 0
13333_2021.12_0002_57427793.png 1 0 0 0
13333_2021.12_0002_57427882.png 1 0 0 0
13333_2021.12_0002_57427876.png 1 0 0 0
13333_2021.12_0002_57427832.png 1 1 0 0
13333_2021.12_0002_57427810.png 1 0 0 0
13333_2021.12_0002_57427805.png 1 0 0 0
13333_2021.12_0002_57427879.png 1 0 0 0
13333_2021.12_0002_57427802.png 1 0 0 0
13333_2021.12_0002_57427811.png 1 0 1 0
13333_2021.12_0002_57427806.png 1 0 0 0
13333_2021.12_0002_57427753.png 1 0 1 0
13333_2021.12_0002_57427809.png 1 0 0 0
13333_2021.12_0002_57427798.png 1 1 0 0
13333_2021.12_0001_56922642.png 1 0 0 0
13333_2021.12_0001_56922619.png 1 0 0 0
13333_2021.12_0001_56922635.png 1 1 0 0
13333_2021.12_0001_56922547.png 1 0 0 0
13333_2021.12_0001_56922621.png 1 0 0 0
13333_2021.12_0001_56922626.png 1 1 0 0
13333_2021.12_0001_56922629.png 1 0 0 0
13333_2021.12_0001_56922536.png 1 0 0 0
13333_2021.12_0001_56922546.png 1 1 0 0
13333_2021.12_0001_56922630.png 1 0 0 0
13333_2021.12_0001_56922535.png 1 0 0 0
13333_2021.12_0001_56922622.png 1 0 0 0
13333_2021.12_0001_56922631.png 1 0 0 0
13333_2021.12_0001_56922543.png 1 0 0 0
13333_2021.12_0001_56922639.png 1 0 1 0
13333_2021.12_0001_56922638.png 1 0 0 0
13333_2021.12_0001_56922627.png 1 1 0 0
13333_2021.12_0001_56922641.png 1 0 0 0
13333_2021.12_0001_56922643.png 1 0 0 0
13333_2021.12_0001_56922548.png 1 0 0 0
13333_2021.12_0001_56922640.png 1 1 0 0
13333_2021.12_0001_56922633.png 1 0 0 0
13333_2021.12_0001_56922544.png 1 0 1 0
13333_2021.12_0001_56922609.png 1 0 0 0
13333_2021.12_0001_56922636.png 1 1 0 0
13333_2021.12_0001_56922541.png 1 0 0 0
13333_2021.12_0001_56922637.png 1 1 0 0
13333_2021.12_0001_56922634.png 1 0 0 0
13333_2021.12_0010_56270189.png 1 1 0 0
13333_2021.12_0010_56270184.png 1 0 0 0
13333_2021.12_0010_56270193.png 1 1 0 0
13333_2021.12_0010_56270835.png 1 0 1 0
13333_2021.12_0010_56270182.png 1 0 0 0
13333_2021.12_0010_56270178.png 1 0 0 0
13333_2021.12_0010_56270837.png 1 0 0 0
13333_2021.12_0010_56270179.png 1 1 0 0
13333_2021.12_0010_56270183.png 1 0 0 0
13333_2021.12_0010_56270846.png 1 1 0 0
13333_2021.12_0010_56270188.png 1 0 0 0
13333_2021.12_0010_56270838.png 1 0 0 0
13333_2021.12_0010_56270875.png 1 0 1 0
13333_2021.12_0010_56270186.png 1 0 0 0
13333_2021.12_0010_56270839.png 1 0 1 0
13333_2021.12_0010_56270878.png 1 0 0 0
13333_2021.12_0010_56270881.png 1 0 1 0
13333_2021.12_0010_56270869.png 1 0 0 0
13333_2021.12_0010_56270870.png 1 0 0 0
13333_2021.12_0010_56270874.png 1 0 0 0
13333_2021.12_0010_56270836.png 1 0 0 0
13333_2021.12_0010_56270876.png 1 0 1 0
13333_2021.12_0007_57297497.png 1 0 0 0
13333_2021.12_0007_57297486.png 1 0 0 1
13333_2021.12_0007_57297492.png 1 0 0 0
13333_2021.12_0007_57297415.png 1 0 0 0
13333_2021.12_0007_57297468.png 1 1 1 1
13333_2021.12_0007_57297457.png 1 1 0 1
13333_2021.12_0007_57297453.png 1 0 0 0
13333_2021.12_0007_57297464.png 1 1 1 0
13333_2021.12_0007_57297413.png 1 0 0 0
13333_2021.12_0007_57297477.png 1 0 0 1
13333_2021.12_0007_57297426.png 1 0 0 0
13333_2021.12_0007_57297483.png 1 0 0 1
13333_2021.12_0007_57297412.png 1 0 0 0
13333_2021.12_0007_57297444.png 1 0 0 0
13333_2021.12_0007_57297439.png 1 1 0 0
13333_2021.12_0007_57297526.png 1 1 1 0
13333_2021.12_0007_57297435.png 1 1 0 0
13333_2021.12_0007_57297417.png 1 0 0 0
13333_2021.12_0007_57297428.png 1 0 0 0
13333_2021.12_0007_57297448.png 1 0 0 1
13333_2021.12_0007_57297459.png 1 0 0 1
13333_2021.12_0007_57297470.png 1 1 0 1
13333_2021.12_0007_57297510.png 1 0 0 0
13333_2021.12_0007_57297488.png 1 1 0 0
13333_2021.12_0007_57297433.png 1 1 1 0
13333_2021.12_0007_57297512.png 1 0 0 0
13333_2021.12_0007_57297461.png 1 0 0 1
13333_2021.12_0007_57297450.png 1 0 0 1
13333_2021.12_0007_57297424.png 1 0 0 0
13333_2021.12_0007_57297490.png 1 0 0 1
13333_2021.12_0007_57297481.png 1 0 0 1
13333_2021.12_0007_57297430.png 1 1 1 0
13333_2021.12_0007_57297479.png 1 0 0 1
13333_2021.12_0007_57297419.png 1 0 0 0
13333_2021.12_0007_57297422.png 1 0 0 0
13333_2021.12_0007_57297441.png 1 0 0 0
13333_2021.12_0007_57297455.png 1 0 0 1
13333_2021.12_0007_57297437.png 1 1 0 0
13333_2021.09_0001_51688951.png 1 0 0 1
13333_2021.09_0001_51688953.png 1 0 0 1
13333_2021.09_0001_51689179.png 1 0 0 1
13333_2021.09_0001_51688957.png 1 0 0 1
13333_2021.09_0001_51689688.png 1 0 0 1
13333_2021.09_0001_51689168.png 1 0 0 0
13333_2021.09_0001_51689166.png 1 0 0 0
13333_2021.09_0001_51689649.png 1 0 0 1
13333_2021.09_0001_51689916.png 1 1 0 0
13333_2021.09_0001_51689673.png 1 0 0 1
13333_2021.09_0001_51688586.png 1 0 1 0
13333_2021.09_0001_51689173.png 1 0 0 0
13333_2021.09_0001_51689919.png 1 0 1 0
13333_2021.09_0001_51689646.png 1 0 0 1
13333_2021.09_0001_51689172.png 1 0 0 0
13333_2021.09_0001_51688933.png 1 0 0 1
13333_2021.09_0001_51688576.png 1 0 0 0
13333_2021.09_0001_51688580.png 1 0 0 0
13333_2021.09_0001_51688931.png 1 0 0 1
13333_2021.09_0001_51688936.png 1 0 0 1
13333_2021.09_0001_51688954.png 1 0 0 1
13333_2021.09_0001_51689171.png 1 0 0 0
13333_2021.09_0001_51688952.png 1 0 0 1
13333_2021.09_0001_51688937.png 1 0 0 1
13333_2021.09_0001_51688932.png 1 0 0 1
13333_2021.09_0001_51689170.png 1 0 0 0
13333_2021.09_0001_51688935.png 1 0 0 1
13333_2021.09_0001_51688956.png 1 0 0 1
13333_2021.09_0001_51688958.png 1 0 0 1
13333_2021.09_0001_51688949.png 1 0 0 1
13333_2021.09_0001_51688583.png 1 0 1 0
13333_2021.09_0001_51689175.png 1 0 0 0
13333_2021.09_0001_51688950.png 1 0 0 1
13333_2021.09_0001_51689169.png 1 0 0 0
13333_2021.09_0001_51688959.png 1 0 0 1
13333_2021.09_0001_51689658.png 1 0 0 1
13333_2021.09_0001_51688948.png 1 0 0 1
13333_2021.09_0001_51689167.png 1 0 1 0
13333_2021.09_0001_51688955.png 1 0 0 1
13333_2021.09_0005_52292070.png 1 0 0 0
13333_2021.09_0005_52292503.png 1 0 0 0
13333_2021.09_0005_52291830.png 1 0 0 0
13333_2021.09_0005_52292530.png 1 1 1 0
13333_2021.09_0005_52292442.png 1 0 1 0
13333_2021.09_0005_52291888.png 1 0 0 0
13333_2021.09_0005_52291631.png 1 0 0 0
13333_2021.09_0005_52292405.png 1 1 0 0
13333_2021.09_0005_52292441.png 1 1 0 0
13333_2021.09_0005_52291745.png 1 0 0 0
13333_2021.09_0005_52291934.png 1 0 0 0
13333_2021.09_0005_52292837.png 1 0 0 0
13333_2021.09_0005_52291469.png 1 1 1 0
13333_2021.09_0005_52292521.png 1 1 1 0
13333_2021.09_0005_52291994.png 1 0 0 0
13333_2021.09_0005_52292695.png 1 0 1 0
13333_2021.09_0005_52292083.png 1 0 1 0
13333_2021.09_0005_52293095.png 1 0 1 0
13333_2021.09_0005_52292889.png 1 0 0 0
13333_2021.09_0005_52291670.png 1 0 0 0
13333_2021.09_0005_52292291.png 1 0 0 0
13333_2021.09_0005_52291501.png 1 0 0 0
13333_2021.08_0004_51381902.png 1 1 0 0
13333_2021.08_0004_51380823.png 1 1 0 0
13333_2021.08_0004_51382125.png 1 1 0 0
13333_2021.08_0004_51381618.png 1 1 0 1
13333_2021.08_0004_51381104.png 1 1 0 1
13333_2021.08_0004_51380738.png 1 1 0 0
13333_2021.08_0004_51380737.png 1 1 0 0
13333_2021.08_0004_51381317.png 1 1 0 0
13333_2021.08_0004_51381059.png 1 1 1 0
13333_2021.08_0004_51382139.png 1 1 0 0
13333_2021.08_0004_51380821.png 1 1 0 0
13333_2021.08_0004_51380739.png 1 1 0 0
13333_2021.08_0004_51380736.png 1 1 0 0
13333_2021.08_0004_51380820.png 1 1 0 0
13333_2021.08_0004_51381802.png 1 1 0 0
13333_2021.08_0004_51380741.png 1 1 0 0
13333_2021.03_0002_42874428.png 1 0 1 0
13333_2021.03_0002_42874780.png 1 0 0 0
13333_2021.03_0002_42874618.png 1 0 0 0
13333_2021.03_0002_42874645.png 1 0 0 0
13333_2021.03_0002_42874601.png 1 1 0 0
13333_2021.03_0002_42874062.png 1 1 0 0
13333_2021.03_0002_42874632.png 1 0 1 0
13333_2021.03_0002_42874087.png 1 1 0 0
13333_2021.03_0002_42874016.png 1 1 1 0
13333_2021.03_0002_42874073.png 1 1 0 0
13333_2021.03_0002_42874429.png 1 0 1 0
13333_2021.03_0002_42874591.png 1 0 0 0
13333_2021.03_0002_42874729.png 1 0 0 0
13333_2021.03_0002_42874028.png 1 1 0 0
13333_2021.03_0002_42874634.png 1 0 0 0
13333_2021.03_0002_42874173.png 1 1 0 0
13333_2021.03_0002_42874631.png 1 0 0 0
13333_2021.03_0002_42874665.png 1 0 0 0
13333_2021.03_0002_42874650.png 1 0 0 0
13333_2021.11_0003_55200215.png 1 1 0 0
13333_2021.11_0003_55199946.png 0 1 0 0
13333_2021.11_0003_55199902.png 0 1 0 0
13333_2021.11_0003_55199935.png 0 1 0 0
13333_2021.11_0003_55200149.png 1 1 0 0
13333_2021.11_0003_55200034.png 1 1 0 0
13333_2021.11_0003_55200015.png 1 1 0 0
13333_2021.11_0003_55199925.png 0 1 0 0
13333_2021.11_0003_55200244.png 1 1 0 0
13333_2021.11_0003_55200252.png 1 1 0 0
13333_2021.11_0003_55200052.png 1 1 1 0
13333_2021.11_0003_55200249.png 1 1 0 0
13333_2021.11_0000_55099537.png 1 1 0 0
13333_2021.11_0000_55099515.png 1 1 0 0
13333_2021.11_0000_55099514.png 0 1 0 0
13333_2021.11_0000_55099542.png 1 1 0 0
13333_2021.11_0000_55098892.png 0 1 0 0
13333_2021.11_0000_55098883.png 0 1 0 0
13333_2021.11_0000_55098894.png 0 1 0 0
13333_2021.11_0000_55099519.png 1 1 0 0
13333_2021.11_0000_55099608.png 0 1 0 0
13333_2021.11_0000_55098886.png 0 1 0 0
13333_2021.11_0000_55098893.png 0 1 0 0
13333_2021.11_0000_55099574.png 1 1 0 0
13333_2021.11_0000_55099517.png 1 1 0 0
13333_2021.11_0000_55099552.png 1 1 0 0
13333_2021.11_0000_55099630.png 0 1 0 0
13333_2021.11_0000_55098885.png 0 1 0 0
13333_2021.11_0000_55099619.png 0 1 0 0
13333_2021.11_0000_55098859.png 0 1 0 0
13333_2021.11_0000_55098889.png 0 1 0 0
13333_2021.11_0000_55099665.png 0 1 0 0
13333_2021.11_0000_55099586.png 0 1 0 0
13333_2021.11_0000_55099530.png 1 1 0 0
13333_2021.11_0000_55099680.png 0 1 0 0
13333_2021.11_0000_55098888.png 0 1 0 0
13333_2021.11_0000_55098867.png 0 1 0 0
13333_2021.11_0000_55098293.png 0 1 0 0
13333_2021.11_0000_55099236.png 1 1 0 0
13333_2021.11_0000_55098863.png 0 1 0 0
13333_2021.11_0000_55099597.png 0 1 0 0
13333_2021.11_0000_55098891.png 0 1 0 0
13333_2021.11_0000_55098895.png 0 1 0 0
13333_2021.11_0000_55099704.png 0 1 0 0
13333_2021.12_0006_55977222.png 1 1 0 0
13333_2021.12_0006_55977210.png 0 1 0 0
13333_2021.12_0006_55977223.png 0 1 0 0
13333_2021.12_0006_55977207.png 0 1 0 0
13333_2021.12_0006_55977220.png 0 1 0 0
13333_2021.12_0006_55977219.png 0 1 0 0
13333_2021.12_0006_55977217.png 0 1 0 0
13333_2021.12_0006_55977221.png 0 1 0 0
13333_2021.12_0006_55977211.png 0 1 0 0
13333_2021.12_0006_55977205.png 0 1 0 0
13333_2021.12_0004_57458613.png 0 1 0 0
13333_2021.12_0004_57458615.png 0 1 0 0
13333_2021.12_0004_56719171.png 0 1 0 0
13333_2021.12_0004_56719475.png 0 1 0 0
13333_2021.12_0004_56719467.png 0 1 0 0
13333_2021.12_0004_57457658.png 0 1 0 0
13333_2021.12_0004_56719316.png 0 1 0 0
13333_2021.12_0004_56718901.png 0 1 0 0
13333_2021.12_0004_56718854.png 0 1 0 0
13333_2021.12_0004_56719160.png 0 1 0 0
13333_2021.12_0004_56719324.png 0 1 0 0
13333_2021.12_0004_56719177.png 0 1 0 0
13333_2021.12_0004_56719187.png 0 1 0 0
13333_2021.12_0004_56719193.png 0 1 0 0
13333_2021.12_0004_57457640.png 0 1 0 0
13333_2021.12_0004_56719333.png 0 1 0 0
13333_2021.12_0004_56719338.png 0 1 0 0
13333_2021.12_0004_56719292.png 0 1 0 0
13333_2021.12_0004_56718718.png 0 1 0 0
13333_2021.12_0004_57457652.png 0 1 0 0
13333_2021.12_0004_56719186.png 0 1 0 0
13333_2021.12_0004_57457548.png 0 1 0 0
13333_2021.12_0004_56719182.png 0 1 0 0
13333_2021.12_0004_56719170.png 0 1 0 0
13333_2021.12_0004_56719169.png 0 1 0 0
13333_2021.12_0004_57457279.png 0 1 0 0
13333_2021.12_0004_56718682.png 1 1 0 0
13333_2021.12_0004_57457271.png 0 1 0 0
13333_2021.12_0004_57457187.png 0 1 0 0
13333_2021.12_0004_56718958.png 0 1 0 0
13333_2021.12_0004_56719352.png 0 1 0 0
13333_2021.12_0004_56719184.png 0 1 0 0
13333_2021.12_0004_57457584.png 0 1 0 0
13333_2021.12_0004_57457319.png 0 1 0 0
13333_2021.12_0004_56718688.png 0 1 0 0
13333_2021.12_0004_56719189.png 0 1 0 0
13333_2021.12_0004_56718686.png 0 1 0 0
13333_2021.12_0004_56718687.png 0 1 0 0
13333_2021.12_0004_56719354.png 0 1 0 0
13333_2021.12_0004_56719178.png 0 1 0 0
13333_2021.12_0004_56719476.png 0 1 0 0
13333_2021.12_0004_56719132.png 0 1 0 0
13333_2021.12_0004_56719180.png 0 1 0 0
13333_2021.12_0004_57457541.png 0 1 0 0
13333_2021.12_0004_56719175.png 0 1 0 0
13333_2021.12_0004_57457605.png 0 1 0 0
13333_2021.12_0004_56719351.png 0 1 0 0
13333_2021.12_0004_56718888.png 0 1 0 0
13333_2021.12_0004_57457334.png 0 1 0 0
13333_2021.12_0004_56719185.png 0 1 0 0
13333_2021.12_0004_57457634.png 0 1 0 0
13333_2021.12_0004_56719168.png 0 1 0 0
13333_2021.12_0004_56719355.png 0 1 0 0
13333_2021.12_0004_56718685.png 0 1 0 0
13333_2021.12_0004_56718925.png 0 1 0 0
13333_2021.12_0004_57457598.png 0 1 0 0
13333_2021.12_0004_56719141.png 0 1 0 0
13333_2021.12_0004_57458616.png 0 1 0 0
13333_2021.12_0004_57457327.png 0 1 0 0
13333_2021.12_0004_56719307.png 0 1 0 0
13333_2021.12_0004_57458621.png 0 1 0 0
13333_2021.12_0004_56719172.png 0 1 0 0
13333_2021.12_0004_56719281.png 0 1 0 0
13333_2021.12_0004_57457232.png 0 1 0 0
13333_2021.12_0004_56719181.png 0 1 0 0
13333_2021.12_0004_56718867.png 0 1 0 0
13333_2021.12_0004_57457347.png 0 1 0 0
13333_2021.12_0004_56719439.png 0 1 0 0
13333_2021.12_0004_57458619.png 0 1 0 0
13333_2021.12_0004_56719192.png 0 1 0 0
13333_2021.12_0004_56719190.png 0 1 0 0
13333_2021.12_0004_57457243.png 0 1 0 0
13333_2021.12_0004_57457591.png 0 1 0 0
13333_2021.12_0004_56719174.png 0 1 0 0
13333_2021.12_0004_56718907.png 0 1 0 0
13333_2021.12_0004_57457263.png 0 1 0 0
13333_2021.12_0004_56719302.png 0 1 0 0
13333_2021.12_0004_56719188.png 0 1 0 0
13333_2021.12_0004_57457611.png 0 1 0 0
13333_2021.12_0004_56719358.png 0 1 0 0
13333_2021.12_0004_56719353.png 0 1 0 0
13333_2021.12_0004_56719296.png 0 1 0 0
13333_2021.12_0004_56719191.png 0 1 0 0
13333_2021.12_0004_56718683.png 0 1 0 0
13333_2021.12_0004_56719356.png 0 1 0 0
13333_2021.12_0004_56719357.png 0 1 0 0
13333_2021.12_0004_56719343.png 0 1 0 0
13333_2021.12_0004_56719350.png 0 1 0 0
13333_2021.12_0004_57457342.png 0 1 0 0
13333_2021.12_0004_56718988.png 0 1 0 0
13333_2021.12_0004_57457556.png 0 1 0 0
13333_2021.12_0004_57458609.png 0 1 0 0
13333_2021.12_0004_56718680.png 0 1 0 0
13333_2021.12_0004_57457203.png 0 1 0 0
13333_2021.12_0004_56719173.png 0 1 0 0
13333_2021.12_0004_57457304.png 0 1 0 0
13333_2021.12_0004_57458605.png 0 1 0 0
13333_2021.12_0004_57457293.png 0 1 0 0
13333_2021.12_0004_57458610.png 0 1 0 0
13333_2021.12_0004_57457250.png 0 1 0 0
13333_2021.12_0004_56719158.png 0 1 0 0
13333_2021.07_0003_49851461.png 0 1 0 0
13333_2021.07_0003_49851405.png 0 1 0 0
13333_2021.07_0003_49851378.png 0 1 0 0
13333_2021.07_0003_49851438.png 0 1 0 0
13333_2021.07_0003_49851388.png 0 1 0 0
13333_2021.07_0003_49851407.png 0 1 0 0
13333_2021.07_0003_49851409.png 0 1 0 0
13333_2021.07_0003_49851387.png 0 1 0 0
13333_2021.07_0003_49851491.png 0 1 0 0
13333_2021.07_0003_49851389.png 0 1 0 0
13333_2021.07_0003_49851451.png 0 1 0 0
13333_2021.07_0003_49851434.png 0 1 0 0
13333_2021.07_0003_49851377.png 0 1 0 0
13333_2021.07_0003_49851347.png 0 1 0 0
13333_2021.07_0003_49851383.png 0 1 0 0
13333_2021.07_0003_49851400.png 0 1 0 0
13333_2021.07_0003_49851412.png 0 1 0 0
13333_2021.07_0003_49851417.png 0 1 0 0
13333_2021.07_0003_49851415.png 0 1 0 0
13333_2021.07_0003_49851453.png 0 1 0 0
13333_2021.07_0003_49851422.png 0 1 0 0
13333_2021.07_0003_49851429.png 0 1 0 0
13333_2021.07_0003_49851371.png 0 1 0 0
13333_2021.07_0003_49851373.png 0 1 0 0
13333_2021.07_0003_49851311.png 0 1 0 0
13333_2021.07_0003_49851386.png 0 1 0 0
13333_2021.07_0003_49851459.png 0 1 0 0
13333_2021.07_0003_49851441.png 0 1 0 0
13333_2021.07_0003_49851384.png 0 1 0 0
13333_2021.07_0003_49851431.png 0 1 0 0
13333_2021.07_0003_49851380.png 0 1 0 0
13333_2021.07_0003_49851490.png 0 1 0 0
13333_2021.07_0003_49851486.png 0 1 0 0
13333_2021.07_0003_49851372.png 0 1 0 0
13333_2021.07_0003_49851432.png 0 1 0 0
13333_2021.07_0003_49851396.png 0 1 0 0
13333_2021.07_0003_49851382.png 0 1 0 0
13333_2021.07_0003_49851470.png 0 1 0 0
13333_2021.07_0003_49851393.png 0 1 0 0
13333_2021.07_0003_49851428.png 0 1 0 0
13333_2021.07_0003_49851436.png 0 1 0 0
13333_2021.07_0003_49851426.png 0 1 0 0
13333_2021.07_0003_49851395.png 0 1 0 0
13333_2021.07_0003_49851420.png 0 1 0 0
13333_2021.07_0003_49851284.png 0 1 0 0
13333_2021.07_0003_49851477.png 0 1 0 0
13333_2021.07_0003_49851401.png 0 1 0 0
13333_2021.07_0003_49851492.png 0 1 0 0
13333_2021.07_0003_49851440.png 0 1 0 0
13333_2021.07_0003_49851424.png 0 1 0 0
13333_2021.07_0003_49851463.png 0 1 0 0
13333_2021.07_0003_49851379.png 0 1 0 0
13333_2021.07_0003_49851489.png 0 1 0 0
13333_2021.07_0003_49851465.png 0 1 0 0
13333_2021.07_0003_49851283.png 0 1 0 0
13333_2021.07_0003_49851411.png 0 1 0 0
13333_2021.07_0003_49851390.png 0 1 0 0
13333_2021.07_0003_49851419.png 0 1 0 0
13333_2021.07_0003_49851282.png 0 1 0 0
13333_2021.07_0003_49851403.png 0 1 0 0
13333_2021.07_0003_49851485.png 0 1 0 0
13333_2021.07_0003_49851423.png 0 1 0 0
13333_2021.07_0003_49851483.png 0 1 0 0
13333_2021.07_0003_49851376.png 0 1 0 0
13333_2021.07_0001_50072119.png 1 1 1 0
13333_2021.07_0001_50072106.png 1 1 0 0
13333_2021.07_0001_50071486.png 0 1 0 0
13333_2021.07_0001_50071362.png 0 1 0 0
13333_2021.07_0001_50072151.png 1 1 1 0
13333_2021.07_0001_50071336.png 0 1 0 0
13333_2021.07_0001_50072291.png 0 1 0 0
13333_2021.08_0007_51345236.png 0 1 1 0
13333_2021.08_0007_51343719.png 1 1 0 0
13333_2021.08_0007_50954012.png 0 1 0 0
13333_2021.08_0007_50951398.png 0 1 1 0
13333_2021.08_0007_51342969.png 0 1 1 0
13333_2021.08_0007_51342960.png 0 1 1 0
13333_2021.08_0007_51345154.png 1 1 0 0
13333_2021.08_0007_51345941.png 0 1 0 0
13333_2021.08_0007_51342942.png 0 1 0 0
13333_2021.08_0007_51345996.png 0 1 0 1
13333_2021.08_0007_50953515.png 0 1 1 0
13333_2021.08_0007_51343714.png 1 1 0 0
13333_2021.08_0007_50952962.png 0 1 0 0
13333_2021.08_0007_51343198.png 1 1 0 0
13333_2021.08_0007_51343717.png 1 1 0 0
13333_2021.08_0007_51342950.png 0 1 1 0
13333_2021.08_0007_50954576.png 0 1 1 0
13333_2021.08_0007_50954371.png 0 1 1 0
13333_2021.08_0007_51342955.png 0 1 0 0
13333_2021.08_0007_50955084.png 0 1 0 0
13333_2021.08_0007_51342964.png 0 1 1 0
13333_2021.08_0007_51343711.png 1 1 0 0
13333_2021.08_0007_51345997.png 0 1 0 1
13333_2021.01_0003_41583338.png 1 1 1 0
13333_2021.01_0003_41331736.png 1 1 1 0
13333_2021.01_0003_41332452.png 0 1 0 0
13333_2021.01_0003_41332454.png 0 1 0 0
13333_2021.01_0003_41583112.png 0 1 0 0
13333_2021.01_0003_41583339.png 0 1 1 0
13333_2021.01_0003_41583135.png 0 1 0 0
13333_2021.01_0003_41332459.png 0 1 0 0
13333_2021.01_0003_41332451.png 0 1 1 0
13333_2021.01_0004_41724070.png 0 1 0 0
13333_2021.01_0004_41723550.png 0 1 0 0
13333_2021.01_0004_41723783.png 0 1 0 0
13333_2021.01_0004_41723893.png 0 1 0 0
13333_2021.01_0004_41723918.png 0 1 0 0
13333_2021.01_0004_41724033.png 0 1 0 0
13333_2021.01_0004_41724582.png 0 1 0 0
13333_2021.10_0001_53186746.png 0 1 0 0
13333_2021.10_0001_53188327.png 0 1 0 0
13333_2021.10_0001_53187692.png 0 1 0 0
13333_2021.10_0001_53187701.png 0 1 0 0
13333_2021.10_0001_53186761.png 0 1 0 0
13333_2021.10_0001_53187988.png 1 1 0 0
13333_2021.10_0001_53186919.png 0 1 0 0
13333_2021.10_0001_53187661.png 0 1 0 0
13333_2021.10_0001_53188323.png 0 1 0 1
13333_2021.10_0001_53187719.png 0 1 0 0
13333_2021.10_0001_53186763.png 0 1 0 0
13333_2021.10_0001_53188324.png 0 1 0 1
13333_2021.10_0001_53186750.png 0 1 0 0
13333_2021.10_0001_53187993.png 1 1 0 0
13333_2021.10_0001_53187924.png 1 1 0 0
13333_2021.10_0001_53187796.png 0 1 0 0
13333_2021.11_0002_54971654.png 0 0 1 0
13333_2021.11_0002_54970660.png 0 0 1 0
13333_2021.11_0002_54971664.png 0 0 1 0
13333_2021.11_0002_54971837.png 0 0 1 0
13333_2021.11_0004_55473664.png 0 0 1 0
13333_2021.11_0004_55473661.png 0 0 1 0
13333_2021.11_0004_55473659.png 0 0 1 0
13333_2020.12_0000_39831602.png 0 0 1 0
13333_2020.12_0000_39831946.png 0 0 1 0
13333_2020.12_0000_39831949.png 0 0 1 0
13333_2020.12_0000_39831706.png 0 0 1 0
13333_2020.12_0000_39831534.png 0 0 1 0
13333_2021.12_0009_56515365.png 0 0 1 0
13333_2021.12_0009_56515469.png 0 1 1 0
13333_2021.12_0009_56515337.png 0 1 1 0
13333_2021.12_0009_56514185.png 0 0 1 0
13333_2021.12_0009_56514471.png 0 0 1 0
13333_2021.12_0009_56514460.png 0 0 1 0
13333_2021.12_0009_56514465.png 0 0 1 0
13333_2021.12_0009_56515481.png 0 1 1 0
13333_2021.12_0009_56515504.png 0 0 1 0
13333_2021.12_0009_56514383.png 0 0 1 0
13333_2021.12_0000_57155543.png 1 0 1 0
13333_2021.12_0000_57155753.png 0 1 1 0
13333_2021.12_0000_57155751.png 0 0 1 0
13333_2021.12_0000_57155683.png 0 0 1 0
13333_2021.12_0000_57155749.png 1 0 1 0
13333_2021.12_0000_57155750.png 0 0 1 0
13333_2021.12_0000_57155746.png 0 1 1 0
13333_2021.12_0000_57155542.png 0 0 1 0
13333_2021.07_0000_50128464.png 1 1 1 0
13333_2021.07_0000_50128467.png 1 1 1 0
13333_2021.07_0000_50128451.png 1 1 1 0
13333_2021.07_0000_50128452.png 1 0 1 0
13333_2021.07_0000_50128455.png 1 1 1 0
13333_2021.09_0002_51747301.png 1 1 1 0
13333_2021.09_0002_51747297.png 1 0 1 1
13333_2021.09_0002_51747299.png 1 0 1 0
13333_2021.09_0002_51747298.png 0 1 1 0
13333_2021.09_0004_52719674.png 0 0 1 0
13333_2021.09_0004_52719508.png 0 0 1 0
13333_2021.09_0004_52719617.png 0 0 1 0
13333_2021.09_0004_52720500.png 0 0 1 0
13333_2021.01_0000_41224567.png 0 1 1 0
13333_2021.01_0000_41224617.png 1 0 1 0
13333_2021.01_0000_41224395.png 0 0 1 0
13333_2021.01_0000_41225574.png 0 1 1 0
13333_2021.01_0000_41224708.png 1 0 1 0
13333_2021.01_0000_41224861.png 0 1 1 0
13333_2021.01_0000_41224097.png 0 0 1 0
13333_2021.06_0000_48587044.png 0 0 1 0
13333_2021.06_0000_48586752.png 0 0 1 0
13333_2021.06_0000_48586737.png 0 0 1 0
13333_2021.01_0005_41459046.png 0 0 0 1
13333_2021.01_0005_41459076.png 0 0 0 1
13333_2021.01_0005_41459039.png 0 0 0 1
13333_2021.01_0005_41459041.png 0 0 0 1
13333_2021.01_0005_41459000.png 0 0 0 1
13333_2021.01_0005_41459038.png 0 0 0 1
13333_2021.01_0005_41459043.png 0 0 0 1
13333_2021.01_0005_41459066.png 0 0 0 1
13333_2021.01_0005_41459042.png 0 0 1 1
13333_2021.01_0005_41459032.png 0 0 0 1
13333_2021.01_0005_41459035.png 0 0 0 1
