5E01BD2B4128F49.png 1,0,0,0,0,0,0,0,0,0,0,0,0,0,0,0,0,0,0
01D3F7A1D109A074.png 1,0,0,1,0,0,1,1,1,0,0,0,1,1,0,0,0,0,0
5E02F9DB3F88620.png 1,1,1,0,0,0,0,0,0,0,0,0,0,0,0,0,0,0,0
5E01B2FB1FC03A2.png 1,0,1,0,1,0,0,0,0,0,0,0,0,0,0,0,0,0,0
5E01BE5E3A1CF13.png 1,0,1,1,0,0,0,0,0,0,0,0,0,0,0,0,0,0,0
5E0703C91F848D8.png 1,1,1,1,0,0,0,0,0,0,0,0,0,0,0,0,0,0,0
5E12DDE1179457E.png 0,1,0,0,0,0,0,0,0,0,0,0,0,0,0,0,0,0,0
5E12CBE0388CF2B.png 0,1,0,0,0,0,1,0,0,0,0,0,0,0,0,0,0,0,0
01D3FD8CA5F16F7B.png 0,1,1,1,0,0,1,0,0,0,0,0,0,0,0,0,0,0,0
5E12EC9A27AC944.png 1,1,0,1,0,0,0,0,0,0,0,1,0,0,0,0,0,0,0
5E0405CF45E4D12.png 1,0,1,0,0,0,0,0,0,0,0,0,0,0,0,0,0,0,0
5E031B534E30695.png 1,0,1,0,0,0,0,0,0,0,0,0,0,0,0,0,0,0,0
5E0402CB1A0859B.png 1,0,1,0,0,0,0,0,0,0,0,0,0,0,0,0,0,0,0
01D3F7C76C446D55.png 1,0,1,0,1,0,0,0,0,0,0,0,0,0,0,0,0,0,0
5E02FDDE3CA09DF.png 1,0,1,0,1,0,0,0,0,0,0,0,0,0,0,0,0,0,0
5E1A652B296CB0A.png 0,1,0,1,0,1,0,0,0,0,0,0,0,0,0,0,0,0,0
5E21082A6088F21.png 1,0,0,1,1,0,0,0,1,0,0,0,0,0,0,0,0,0,0
5E225E61EC8DEA.png 1,0,0,1,0,0,1,1,1,0,0,1,0,0,0,0,0,0,0
5E20145D6280898.png 1,1,0,1,0,0,0,0,0,0,0,0,0,0,0,0,0,0,0
01D3FD3DF83FDA0C.png 1,0,0,1,0,0,1,0,0,0,0,0,0,0,0,0,0,0,0
01D3FE86D742A44F.png 1,0,1,0,1,0,1,0,1,0,0,0,0,0,0,0,0,0,0
5DE7007D593898A.png 0,1,0,1,1,1,0,0,0,0,0,0,0,0,0,0,0,0,0
5DEEF4CE41FCC4A.png 0,0,0,0,1,0,0,0,0,1,0,0,0,0,0,0,0,0,0
5DE9A4925C1C1C2.png 0,0,0,1,1,0,0,0,0,0,0,0,0,0,0,0,0,0,0
5DD4DF501734635.png 1,0,1,0,1,0,0,0,0,0,0,0,0,0,0,0,0,0,0
5D6A2F0D6404E4.png 0,1,1,0,0,1,0,1,0,1,0,0,0,0,0,0,0,0,0
5D6C75773FB4945.png 1,0,0,0,0,1,0,1,1,0,0,0,1,0,0,0,0,0,0
5AF639BF868579.png 1,0,0,1,0,1,0,0,1,0,0,0,0,0,0,0,0,0,0
5DA418A73378D2C.png 0,0,0,0,0,1,0,0,0,0,0,0,0,0,0,0,0,0,0
5D623B2F3130617.png 1,0,0,0,0,1,0,0,0,0,0,0,0,0,0,0,0,0,0
5DF8216C51C16E.png 1,0,1,1,1,0,1,0,0,0,0,0,0,1,0,0,0,0,0
5DF82D9F6758336.png 0,1,0,0,1,0,1,0,0,0,0,0,0,0,0,0,0,0,0
5AFA537510C4963.png 1,0,0,1,0,0,1,0,0,1,0,0,0,0,0,0,0,0,0
5DF83F295D308E7.png 0,1,0,0,0,0,1,0,0,0,0,0,0,0,0,0,0,0,0
5DF984561FF8976.png 1,1,1,1,1,0,1,0,1,0,0,0,0,1,0,0,0,0,0
5E15814C5ED8140.png 1,0,1,0,1,0,1,1,0,0,0,0,0,0,0,0,1,0,0
5E0E9470511C9E4.png 0,1,0,0,0,0,0,1,0,0,0,0,0,0,0,0,0,0,0
01D402165B1E6327.png 0,0,0,1,1,0,0,1,0,0,1,0,0,1,0,0,0,0,0
5E13FC3C177C985.png 0,1,0,0,0,0,1,1,0,0,0,0,0,0,0,0,0,0,0
5E12E8DC1EF4B20.png 1,0,0,0,0,0,0,1,1,0,0,0,0,0,0,0,0,0,0
5E13D4411528F70.png 1,0,0,1,1,0,1,0,1,0,0,1,0,0,0,0,0,0,0
5AF10C36166063D.png 1,0,0,0,0,0,0,0,1,0,0,0,0,1,0,0,0,0,0
5E1EAA6A2BBCB89.png 1,0,1,0,0,0,1,0,1,0,0,0,0,0,0,0,0,0,0
5E1E6A3D324CEC9.png 1,1,0,1,0,0,0,0,1,0,1,0,0,0,0,0,0,0,0
5E1D154B361CD7B.png 0,1,0,1,0,0,0,0,1,0,0,0,0,0,0,0,0,0,0
5AFD21B6101C61E.png 0,1,0,1,1,1,0,1,1,1,0,0,0,0,0,0,0,0,0
5DF885923230C0C.png 1,0,1,0,0,0,0,0,0,1,1,0,0,0,0,0,1,0,0
5DCCFB9C2A54427.png 1,0,0,0,0,0,1,0,0,1,0,0,0,0,0,0,0,0,0
5DD2E1BB19F06C9.png 0,0,0,0,0,0,0,0,0,1,0,0,0,0,0,0,0,0,0
5DD48D903CC00D5.png 0,0,0,1,0,0,0,0,0,1,0,0,0,0,0,0,0,0,0
5AF5130911E4B5A.png 1,0,0,0,0,0,0,0,0,0,1,0,0,0,0,0,0,0,0
5B0CAA6BFFCF54.png 0,0,0,0,0,0,0,0,0,0,1,0,0,0,0,0,0,0,0
5D9D2AAA58FC310.png 0,1,0,0,0,0,0,0,0,0,1,0,0,0,0,0,0,0,0
5D9A9398109C9CE.png 0,1,0,0,0,0,0,0,0,0,1,0,0,0,0,0,0,0,0
5D9E84412CAC07B.png 0,1,0,0,0,0,0,0,0,0,1,0,0,0,0,0,0,0,0
5D65C7AE674CEA9.png 1,0,0,0,0,0,0,0,0,0,0,1,0,1,0,0,0,0,0
5D88278B428C238.png 0,0,0,0,0,0,1,0,0,0,0,1,1,0,0,0,0,0,0
5B0E1E3F1284FD9.png 1,0,0,0,0,0,0,0,0,0,1,1,0,1,0,0,0,0,0
5D7990FF2FD410C.png 1,0,0,0,0,0,0,0,0,0,0,1,0,0,0,0,0,0,0
5D88653E15DC696.png 1,0,1,0,0,0,0,1,0,0,0,1,0,0,0,0,0,0,0
5DF58A505510B37.png 1,0,0,1,0,1,0,0,0,0,0,1,1,0,0,0,0,0,0
5DFDBA945D5C7C7.png 1,0,1,0,0,0,0,0,0,0,0,0,1,0,0,0,0,0,0
5DF9748A59048EF.png 0,0,0,0,0,0,0,0,0,0,0,1,1,0,0,0,0,0,0
5B42AE401E60E53.png 0,0,0,0,0,0,0,0,0,0,1,0,1,0,0,0,0,0,0
5E0801686004696.png 0,0,0,1,1,0,0,0,1,0,0,0,1,0,0,0,0,0,0
5DEDA04D17A0895.png 0,0,0,0,0,0,1,0,0,1,0,1,0,1,0,0,0,0,0
5DEAFFF638DC3E7.png 0,0,0,0,0,0,0,0,0,1,1,0,0,1,0,0,0,0,0
5DDE169CC1C6A0.png 1,0,1,0,0,0,0,0,0,0,0,1,0,1,0,0,0,0,0
5AFA2A89187C2FA.png 1,0,0,0,0,0,0,0,0,0,0,0,0,1,0,0,0,0,0
5D09A3BF14B81F6.png 0,0,0,0,0,0,0,0,0,0,0,0,0,1,0,0,0,0,0
5B139DFC17242E9.png 0,0,0,0,0,0,0,0,0,0,1,0,0,0,1,0,0,0,0
5B190C1114A0D66.png 1,0,1,1,0,0,0,0,1,0,0,0,0,0,1,0,0,0,0
5E015C225DE85A4.png 0,0,0,0,0,0,0,0,0,0,1,0,0,0,1,0,0,0,0
5E0022E25078D6A.png 0,0,0,0,0,0,0,0,0,1,0,0,0,0,1,0,0,0,0
5DFABFE14098C12.png 0,1,0,0,0,0,0,0,0,0,0,0,0,0,1,0,0,0,0
5DC8BC1D42A056C.png 0,0,0,1,0,0,0,1,0,0,0,0,0,0,0,1,0,0,0
5DB2F9FD3F8C759.png 0,0,0,0,0,0,0,0,0,0,0,0,0,0,0,1,0,0,0
5DA36F085D20F30.png 0,0,0,1,0,0,0,0,0,0,0,0,0,0,0,1,0,0,0
01D400BAD93EF4AD.png 1,0,1,1,0,0,0,0,0,0,0,0,0,0,0,1,0,0,0
DX.1.2.392.200036.9125.4.0.487539339.2277926294.2795306561.png 1,0,0,0,0,0,0,0,0,0,0,0,0,0,0,1,0,0,0
5B8751F23C025D.png 1,1,1,0,0,0,0,0,0,0,0,0,0,0,0,0,1,0,0
5E02B3E51ACCEFD.png 0,1,0,0,0,0,0,0,0,0,0,0,0,0,0,0,1,0,0
CR.1.3.12.2.1107.5.3.57.20200.11.201910200841010859.png 0,0,0,0,0,0,0,0,0,0,0,0,0,0,0,0,1,0,0
DX.1.2.392.200046.100.2.1.69131194618.191016152751.3.1.1.png 0,0,0,1,0,0,0,0,0,0,0,0,0,0,0,0,1,0,0
CR.1.2.840.113564.199912075.2019111417420171237.1203801020003.png 0,0,0,0,0,0,0,0,0,0,0,0,0,0,0,0,1,0,0
5B88A59416242B9.png 0,0,0,0,0,0,0,0,0,0,0,0,0,0,0,0,0,1,0
5B80AB5515346A8.png 0,0,0,0,1,0,0,0,0,0,0,0,0,0,0,0,0,1,0
5B038B1585CD55.png 1,0,0,0,0,0,0,0,0,0,0,0,0,1,0,0,0,1,0
5B1A21A377C692.png 1,0,0,1,0,0,0,0,0,0,0,0,0,1,0,0,0,1,0
5BE8E74320A0A98.png 0,0,0,0,1,0,0,0,0,0,0,1,0,0,0,0,0,1,0
5B4D5509C48528.png 1,1,1,0,0,0,0,0,0,0,0,0,0,1,0,0,0,0,1
5BBAEFAB22D0158.png 0,0,1,0,1,0,0,0,0,0,0,0,0,0,0,0,0,0,1
CR.1.2.156.600734.516764694.1648.1572318439.601.0.1.png 0,0,1,0,0,0,0,0,0,0,0,0,0,0,0,0,0,0,1
DX.1.3.46.670589.26.802544.25.20191104.123508.306128.0.png 1,0,1,1,0,1,1,1,1,0,0,0,1,1,0,0,0,0,1
DX.1.2.392.200036.9125.4.0.487527527.2272486806.2795306561.png 0,0,1,0,0,0,0,0,0,0,0,0,0,1,0,0,0,0,1
