5E13FEBB4934D4E.png 1,0,1,0,0,0,1,0,0,0,0,0,0,0,0,0,0,0,0
5E58DDBC1EAC8CA.png 1,0,1,0,1,0,0,1,1,0,0,0,0,0,0,0,0,0,0
5DFD90993BD03A3.png 1,0,0,0,0,0,0,1,1,0,0,0,0,0,0,0,0,0,0
5DFEC004514412F.png 1,0,1,0,0,0,0,0,0,1,0,1,0,1,0,0,0,0,0
5E1D6AFC1C50DC5.png 1,0,0,1,0,0,0,0,0,0,0,0,0,0,0,0,0,0,0
5DC3B0011E38B1A.png 1,1,0,0,0,0,1,0,0,1,0,0,0,0,0,0,0,0,0
5C8AF9BA191C0A2.png 0,1,0,0,1,0,0,1,1,0,0,0,1,0,0,0,0,0,0
5E0C34663ED0F89.png 0,1,0,0,0,0,0,0,0,0,0,0,0,0,0,0,0,0,0
5CA036F022B8399.png 0,1,1,0,1,0,0,0,0,0,0,0,0,1,0,0,0,0,0
5E12EC9A27AC944.png 1,1,0,1,0,0,0,0,0,0,0,1,0,0,0,0,0,0,0
5CF758A424706EC.png 1,0,1,0,0,0,1,0,0,0,0,1,0,1,0,0,0,0,0
5DFAC2FF4D7C501.png 1,0,1,0,0,0,0,0,0,0,0,0,0,0,0,0,0,0,0
5D58A6305150AC2.png 0,0,1,0,0,0,1,1,0,0,0,0,0,0,0,0,0,0,0
5BD7ED1C27E0878.png 0,0,1,0,0,0,0,0,0,0,0,0,0,0,0,0,0,0,0
5DF5851237B4F59.png 1,0,1,1,1,1,0,0,1,0,0,0,0,1,0,0,0,0,0
5DDF867F2DC8267.png 0,0,0,1,0,1,0,1,0,0,0,0,0,0,0,0,0,0,0
5B8DE4FE514B11.png 1,0,1,1,1,1,0,1,1,0,0,0,0,0,0,0,0,0,0
5DD8EFF72EA8290.png 1,0,0,1,1,0,1,1,0,0,0,0,0,0,0,0,0,0,0
5C6B9FE21FE83B0.png 1,1,0,1,0,0,0,1,0,0,0,0,0,1,0,0,0,0,0
CR.1.3.12.2.1107.5.3.57.20200.11.201911111659280906.png 0,0,0,1,0,0,0,0,0,0,0,0,0,0,0,0,0,0,0
5BA58E401560A2D.png 0,0,0,0,1,0,0,0,0,0,0,0,1,0,0,0,0,0,0
5C22EDDD254408B.png 0,0,0,0,1,0,0,0,0,0,0,0,0,1,0,0,0,0,0
5E112C71425CFCF.png 1,0,1,1,1,0,1,0,0,0,0,0,0,0,0,0,0,0,0
5CF5D7E625BC965.png 0,0,1,0,1,0,0,0,0,0,0,0,0,0,0,0,0,0,0
5D0987B8173CE44.png 1,0,1,1,1,0,0,0,0,0,0,0,0,0,0,0,0,0,0
5E255F6A2024763.png 1,1,0,0,0,1,1,0,0,0,0,0,0,1,0,0,0,0,0
5D01FC1C24C085B.png 0,1,1,1,0,1,0,0,0,0,0,0,0,0,1,0,0,0,0
5BBFEC162730D43.png 0,0,0,0,0,1,0,0,0,0,0,0,0,0,0,0,0,0,0
5E1436AC16E8114.png 1,0,0,0,0,1,0,0,0,0,0,0,0,0,0,0,0,0,0
5D817AC12EBC2E8.png 1,0,0,0,0,1,0,0,0,0,0,0,0,0,0,0,0,0,0
5CC534BD124485B.png 0,0,1,0,0,0,1,1,0,0,0,0,0,0,0,0,0,0,0
5E1C3067148C0EA.png 1,1,1,0,0,0,1,0,0,0,0,0,0,0,0,0,0,0,0
5D8ADED64EC8E4B.png 1,0,0,0,0,0,1,1,1,0,0,1,0,0,0,0,0,0,0
5DCD0B5157C84EF.png 0,0,0,0,0,0,1,0,0,0,0,0,0,0,0,0,0,0,0
DX.1.2.840.113619.2.369.4.2147483647.1573440818.887490.png 0,1,1,1,1,0,1,1,1,0,0,0,0,0,0,0,0,0,0
5C374C5B116CC9B.png 0,0,0,0,0,1,0,1,0,0,0,0,0,0,0,0,0,0,0
5D02E8101EF414C.png 0,0,0,0,1,0,0,1,1,0,0,0,0,0,0,0,0,0,0
5DE856FB454CA60.png 0,1,1,0,0,0,0,1,0,1,0,0,0,0,0,0,0,0,0
5CC2BA0D189C1A7.png 0,0,0,0,1,1,0,1,0,0,1,1,0,0,0,0,0,0,0
5B61B0A31C28F19.png 1,0,1,1,0,0,0,1,1,0,0,0,0,0,0,0,0,0,0
5DF581DA2CB8ABB.png 1,0,0,0,0,0,0,0,1,0,0,0,0,0,0,0,0,0,0
5B286E181AC41ED.png 0,0,0,1,0,1,1,0,1,0,0,0,0,0,0,0,0,0,0
5E225E61EC8DEA.png 1,0,0,1,0,0,1,1,1,0,0,1,0,0,0,0,0,0,0
CR.1.2.156.600734.516764694.1648.1574035888.2025.0.1.png 0,0,0,1,0,0,0,0,1,0,0,0,0,0,0,0,0,0,0
DX.1.2.840.113619.2.369.4.2147483647.1572240142.513122.png 1,0,0,1,0,0,1,0,1,0,0,0,0,0,0,0,0,0,0
5DCB4B7817E81C3.png 0,0,0,0,0,0,0,0,1,1,0,0,0,0,0,0,0,0,0
5E1283094444DFA.png 0,0,0,0,0,0,0,0,1,1,0,0,0,0,0,0,0,0,0
5B8DD764E5C9DD.png 0,0,0,0,0,1,1,1,1,1,0,0,0,0,0,0,0,0,0
5D5F3E24166846C.png 0,1,0,0,0,0,0,0,0,1,1,1,0,0,0,0,0,0,0
DX.1.2.003080790003404763201910280813132513203.png 0,0,1,1,0,0,0,0,0,1,0,0,0,0,1,0,0,0,0
5D0379EC102CAAB.png 0,0,1,0,0,0,1,0,0,0,1,0,0,0,0,0,0,0,0
5DF6E4C83BA0C48.png 1,1,0,0,1,0,1,1,0,0,1,0,0,0,0,0,0,0,0
5DCE02C8C502BE.png 0,1,0,0,0,0,0,0,1,0,1,0,0,0,0,0,0,0,0
5CBD20F117CCA3E.png 0,0,0,0,0,0,0,1,1,0,1,0,0,0,0,0,0,0,0
5D7F4C8D4D34812.png 0,0,0,0,0,0,0,0,0,1,1,0,0,0,0,0,0,0,0
5BC92D921CA0EA6.png 0,0,0,0,0,0,1,0,0,0,0,1,0,1,0,0,0,0,0
5D67239B2C40D88.png 1,0,1,0,0,0,0,0,0,0,0,1,1,0,0,0,0,0,0
5D7990FF2FD410C.png 1,0,0,0,0,0,0,0,0,0,0,1,0,0,0,0,0,0,0
5CFF06961F60642.png 0,0,0,0,0,0,0,0,0,0,0,1,0,0,0,0,0,0,0
5D29282F135471B.png 1,0,0,0,1,0,0,0,1,0,0,1,0,1,0,0,0,0,0
5B64EF90F78C30.png 0,0,0,0,0,0,0,0,0,1,0,0,1,0,0,0,0,0,0
5DA92085544CEA9.png 1,0,0,0,0,0,0,0,0,0,0,0,1,0,0,0,1,0,0
5E1199C44EEC19D.png 1,1,0,0,0,0,0,0,0,0,0,1,1,0,0,0,0,0,0
5B42AE401E60E53.png 0,0,0,0,0,0,0,0,0,0,1,0,1,0,0,0,0,0,0
5E0801686004696.png 0,0,0,1,1,0,0,0,1,0,0,0,1,0,0,0,0,0,0
5E0944F847D0A69.png 0,0,0,0,0,0,0,0,0,0,1,1,1,1,0,0,0,0,0
5E13CE6A2854B4F.png 0,0,1,0,0,0,0,0,0,1,0,0,0,1,0,0,0,0,0
5BD6BB1E10701FE.png 1,0,0,0,0,0,0,0,1,0,0,0,0,1,0,0,0,0,0
5BF607922234B06.png 1,0,1,0,1,0,0,0,0,0,0,0,0,1,0,0,0,0,1
5D122F394458D71.png 0,0,0,0,0,0,0,0,1,0,0,1,0,1,0,0,0,0,0
5B247762EEC778.png 1,0,0,0,0,0,0,0,0,0,0,0,0,0,1,0,0,0,0
5BF8EAEFF1CAF3.png 0,1,0,0,0,0,0,0,0,1,0,0,0,0,1,0,0,0,0
5BC92C2A25A434F.png 0,1,0,0,0,0,0,0,0,1,1,0,0,0,1,0,0,0,0
5DFABFE14098C12.png 0,1,0,0,0,0,0,0,0,0,0,0,0,0,1,0,0,0,0
DX.1.2.840.113619.2.369.4.2147483647.1573107284.408749.png 0,0,0,0,0,0,0,0,0,0,0,0,0,0,1,0,0,0,0
5C6D6B871774E46.png 0,0,1,0,0,0,0,0,0,0,0,0,0,0,0,1,0,0,0
5DA36F085D20F30.png 0,0,0,1,0,0,0,0,0,0,0,0,0,0,0,1,0,0,0
5C9EC377808C59.png 1,0,0,1,0,0,0,0,0,0,0,0,0,0,0,1,0,0,0
DX.1.2.392.200036.9125.4.0.487539339.2277926294.2795306561.png 1,0,0,0,0,0,0,0,0,0,0,0,0,0,0,1,0,0,0
DX.1.2.392.200036.9125.4.0.487563892.1568499094.2795306561.png 0,0,0,1,0,0,0,1,0,0,0,0,0,0,0,1,0,0,0
5E09AF8319E8683.png 0,1,0,0,0,0,0,0,0,0,0,0,0,0,1,0,1,0,0
5E1C3CDA303454E.png 1,0,1,0,0,0,0,1,1,0,0,0,0,0,0,0,1,0,0
5C63BB6D1350A2A.png 0,0,0,1,0,0,0,0,0,1,0,0,0,0,0,0,1,0,0
CR.1.2.840.113564.199912075.2019111417420171237.1203801020003.png 0,0,0,0,0,0,0,0,0,0,0,0,0,0,0,0,1,0,0
DX.1.3.46.670589.26.802544.25.20191107.91620.307079.0.png 0,0,0,1,0,0,0,0,0,0,0,0,0,0,0,0,1,0,0
5C0B75D06D8C32.png 1,0,1,0,1,0,0,0,0,0,0,0,0,0,0,0,0,1,0
5B80AB5515346A8.png 0,0,0,0,1,0,0,0,0,0,0,0,0,0,0,0,0,1,0
5B1A21A377C692.png 1,0,0,1,0,0,0,0,0,0,0,0,0,1,0,0,0,1,0
5E264AE7631CA3D.png 0,0,0,0,0,0,0,0,0,0,0,0,0,1,0,0,0,1,0
5BE8E74320A0A98.png 0,0,0,0,1,0,0,0,0,0,0,1,0,0,0,0,0,1,0
5CB3E7A014E0790.png 0,0,1,0,1,0,0,0,0,0,0,0,0,1,0,0,0,0,1
5D0D8CA31BCCE32.png 1,0,1,0,0,0,0,0,0,0,0,0,0,0,0,0,0,0,1
5D4E7FDE13C0A95.png 1,0,1,0,1,0,0,0,0,0,0,0,0,0,0,0,0,0,1
5D06E5652774614.png 1,0,1,1,1,0,0,0,0,0,0,0,0,0,0,0,0,0,1
5DF6EE004940241.png 1,0,1,1,0,0,0,0,0,0,0,0,0,1,0,0,0,0,1
