5E02AA4423CC4C8.png 1,1,0,0,0,0,0,0,0,0,1,0,0,0,0,0,0,0,0
5E02DCD03AFC865.png 1,0,0,0,0,0,0,0,0,0,0,1,0,0,0,0,0,0,0
5E01BD2B4128F49.png 1,0,0,0,0,0,0,0,0,0,0,0,0,0,0,0,0,0,0
5E02BB141FF8600.png 1,1,1,0,0,0,0,0,0,0,0,0,0,0,0,0,1,0,0
01D3F7A1D109A074.png 1,0,0,1,0,0,1,1,1,0,0,0,1,1,0,0,0,0,0
5E02F9DB3F88620.png 1,1,1,0,0,0,0,0,0,0,0,0,0,0,0,0,0,0,0
5E01B2FB1FC03A2.png 1,0,1,0,1,0,0,0,0,0,0,0,0,0,0,0,0,0,0
5E01BE5E3A1CF13.png 1,0,1,1,0,0,0,0,0,0,0,0,0,0,0,0,0,0,0
5E02BE03636C1F5.png 1,0,1,0,0,0,0,1,0,0,0,0,0,0,0,0,0,0,0
5E01D71A17640CE.png 1,1,0,1,0,0,0,0,0,0,0,0,1,0,0,0,0,0,0
5E127E6366C2FD.png 0,1,0,0,0,0,0,0,0,0,0,0,0,0,0,0,0,0,0
5E07071137D4C69.png 0,1,0,0,0,0,0,0,0,0,0,0,0,0,0,0,0,0,0
5E12DDE1179457E.png 0,1,0,0,0,0,0,0,0,0,0,0,0,0,0,0,0,0,0
5E1199C44EEC19D.png 1,1,0,0,0,0,0,0,0,0,0,1,1,0,0,0,0,0,0
5E12F7F312E4C94.png 0,1,1,0,0,0,1,0,0,0,0,0,0,0,0,0,0,0,0
5E12CBE0388CF2B.png 0,1,0,0,0,0,1,0,0,0,0,0,0,0,0,0,0,0,0
5E12809566AC4EF.png 1,1,1,0,1,0,1,0,0,0,0,0,0,0,0,0,0,0,0
01D3FD8CA5F16F7B.png 0,1,1,1,0,0,1,0,0,0,0,0,0,0,0,0,0,0,0
5E12EC9A27AC944.png 1,1,0,1,0,0,0,0,0,0,0,1,0,0,0,0,0,0,0
5E129C313278134.png 1,1,0,0,0,0,0,0,0,1,0,0,0,0,1,0,0,0,0
5E015DE04E28FB3.png 1,0,1,0,0,0,0,0,0,0,0,0,0,0,0,0,0,0,0
5E031B534E30695.png 1,0,1,0,0,0,0,0,0,0,0,0,0,0,0,0,0,0,0
5E01661D4C086C8.png 1,0,1,0,1,0,0,0,0,0,0,0,0,0,0,0,0,0,0
01D3F7C76C446D55.png 1,0,1,0,1,0,0,0,0,0,0,0,0,0,0,0,0,0,0
5E02BED51A48200.png 0,1,1,0,0,0,0,0,0,0,0,0,0,0,0,0,0,0,0
5E02FDDE3CA09DF.png 1,0,1,0,1,0,0,0,0,0,0,0,0,0,0,0,0,0,0
5E016E145A60023.png 1,0,1,0,0,0,0,0,0,0,0,0,0,0,0,0,0,0,0
5E04046A5F8891A.png 1,0,1,0,0,0,0,0,1,0,0,0,0,0,0,0,0,0,0
5E002B764044B77.png 1,0,1,0,1,0,0,0,0,0,0,0,0,0,0,0,0,0,0
5E01701B18708DF.png 0,1,1,1,0,0,0,0,0,0,0,0,0,0,1,0,0,0,0
5E1A652B296CB0A.png 0,1,0,1,0,1,0,0,0,0,0,0,0,0,0,0,0,0,0
5E21082A6088F21.png 1,0,0,1,1,0,0,0,1,0,0,0,0,0,0,0,0,0,0
5E225E61EC8DEA.png 1,0,0,1,0,0,1,1,1,0,0,1,0,0,0,0,0,0,0
5E1FBC2E6104FF0.png 1,0,0,1,0,0,0,0,1,0,0,0,0,0,0,0,0,0,0
5E1D6D112DC4196.png 0,1,0,1,0,0,0,1,0,1,1,0,0,0,0,0,0,0,0
5E20145D6280898.png 1,1,0,1,0,0,0,0,0,0,0,0,0,0,0,0,0,0,0
01D3FD3DF83FDA0C.png 1,0,0,1,0,0,1,0,0,0,0,0,0,0,0,0,0,0,0
5E1D6AFC1C50DC5.png 1,0,0,1,0,0,0,0,0,0,0,0,0,0,0,0,0,0,0
5E1E6A3D324CEC9.png 1,1,0,1,0,0,0,0,1,0,1,0,0,0,0,0,0,0,0
5E1FD9F04BE89ED.png 1,0,0,1,0,0,1,0,0,0,0,0,0,0,0,0,0,0,0
01D3FE86D742A44F.png 1,0,1,0,1,0,1,0,1,0,0,0,0,0,0,0,0,0,0
5DE7007D593898A.png 0,1,0,1,1,1,0,0,0,0,0,0,0,0,0,0,0,0,0
5DD8EFF72EA8290.png 1,0,0,1,1,0,1,1,0,0,0,0,0,0,0,0,0,0,0
5DDB20A23E40748.png 1,0,1,1,1,0,0,0,0,0,0,0,0,0,0,0,0,0,0
5DCCBA98451490C.png 1,0,0,0,1,0,1,0,0,0,0,0,0,0,0,0,0,0,0
5DD7557F608C96A.png 1,1,1,0,1,0,0,0,0,0,0,0,0,0,0,0,0,0,0
5DD736ED26E4C6E.png 0,0,0,0,1,0,0,0,1,0,0,0,0,0,0,0,0,0,0
5DE4D00C5948F16.png 1,0,0,1,1,0,0,1,0,0,1,0,0,0,0,0,0,0,0
5DD4DF501734635.png 1,0,1,0,1,0,0,0,0,0,0,0,0,0,0,0,0,0,0
5DD67FBE11D0575.png 0,0,0,1,1,0,0,1,1,0,0,0,0,0,0,0,0,0,0
5D6A2F0D6404E4.png 0,1,1,0,0,1,0,1,0,1,0,0,0,0,0,0,0,0,0
5D6C75773FB4945.png 1,0,0,0,0,1,0,1,1,0,0,0,1,0,0,0,0,0,0
5D7EEFEC4EEC500.png 0,0,0,0,0,1,0,1,1,0,0,0,0,1,1,0,0,0,0
5D71BF304704EA.png 1,0,0,0,0,1,0,1,0,0,0,0,0,0,0,0,0,0,0
5AF639BF868579.png 1,0,0,1,0,1,0,0,1,0,0,0,0,0,0,0,0,0,0
5D72FC4D32C4442.png 1,0,1,0,0,1,0,0,0,0,0,0,0,0,0,0,0,0,0
5DA418A73378D2C.png 0,0,0,0,0,1,0,0,0,0,0,0,0,0,0,0,0,0,0
5D705E6D4C60954.png 0,0,0,0,0,1,0,1,0,1,0,0,0,0,0,0,0,0,0
5D623B2F3130617.png 1,0,0,0,0,1,0,0,0,0,0,0,0,0,0,0,0,0,0
5D817AC12EBC2E8.png 1,0,0,0,0,1,0,0,0,0,0,0,0,0,0,0,0,0,0
5DEDA04D17A0895.png 0,0,0,0,0,0,1,0,0,1,0,1,0,1,0,0,0,0,0
5DF8216C51C16E.png 1,0,1,1,1,0,1,0,0,0,0,0,0,1,0,0,0,0,0
5DF085291398A3C.png 0,0,0,0,0,0,1,0,0,0,0,0,0,0,0,0,0,0,0
5DF6E4C83BA0C48.png 1,1,0,0,1,0,1,1,0,0,1,0,0,0,0,0,0,0,0
5DF6D2823218A48.png 0,1,0,0,1,0,1,0,0,0,1,0,0,0,1,0,0,0,0
5DEAFC14D4857D.png 1,0,0,1,0,0,1,0,1,0,0,0,0,0,0,0,0,0,0
5AFA537510C4963.png 1,0,0,1,0,0,1,0,0,1,0,0,0,0,0,0,0,0,0
5DF83F295D308E7.png 0,1,0,0,0,0,1,0,0,0,0,0,0,0,0,0,0,0,0
5DEE083E46742F8.png 0,0,0,0,0,1,1,0,0,0,0,0,0,0,0,0,0,0,0
5DF1E3B51F879F.png 1,1,0,0,1,0,1,0,0,0,0,0,0,0,0,0,0,0,0
5E12E1F54D44171.png 1,0,0,1,0,0,0,1,1,0,0,0,0,0,0,0,0,0,0
5E0E9470511C9E4.png 0,1,0,0,0,0,0,1,0,0,0,0,0,0,0,0,0,0,0
5E0E92A0496C649.png 1,0,0,0,0,0,1,1,0,0,0,0,0,0,0,0,0,0,0
5E0D445A4CECAED.png 1,0,0,0,0,1,0,1,0,0,0,0,0,0,0,0,0,0,0
01D402165B1E6327.png 0,0,0,1,1,0,0,1,0,0,1,0,0,1,0,0,0,0,0
5E0E812437F8526.png 0,0,0,1,0,0,1,1,0,1,0,0,0,0,0,0,0,0,0
5E113744666CC76.png 1,0,1,1,0,1,0,1,0,0,0,0,0,0,0,0,0,0,0
5E10383D1860F06.png 0,0,0,0,0,0,0,1,1,0,0,0,0,0,0,0,0,0,0
5E0AEE724958BAE.png 0,0,0,0,0,0,0,1,1,0,0,0,0,0,0,0,0,0,0
5E06C4304E84C4D.png 0,0,0,0,1,0,0,1,0,0,0,0,0,0,0,0,0,0,0
5E1285522A54848.png 0,0,0,0,0,0,0,0,1,0,0,0,0,0,0,0,0,0,0
5E112E542F20901.png 1,1,1,1,1,0,1,0,1,0,0,0,0,0,0,0,0,0,0
5E13D4411528F70.png 1,0,0,1,1,0,1,0,1,0,0,1,0,0,0,0,0,0,0
5E0D9DE35CA00E0.png 1,0,0,1,0,1,1,0,1,0,0,0,0,0,0,0,0,0,0
5AF10C36166063D.png 1,0,0,0,0,0,0,0,1,0,0,0,0,1,0,0,0,0,0
5E1283094444DFA.png 0,0,0,0,0,0,0,0,1,1,0,0,0,0,0,0,0,0,0
5E0D56C233B8775.png 1,0,0,0,1,0,0,0,1,0,0,0,0,0,0,0,0,0,0
5E13D729F6854A.png 0,0,1,0,1,0,0,0,1,0,0,0,0,0,0,0,0,0,0
5E12E8DC1EF4B20.png 1,0,0,0,0,0,0,1,1,0,0,0,0,0,0,0,0,0,0
5E1FD97663EC35B.png 1,0,0,0,0,0,1,0,1,0,0,0,0,1,0,0,0,0,0
5AFD21B6101C61E.png 0,1,0,1,1,1,0,1,1,1,0,0,0,0,0,0,0,0,0
5DDB775B3FB8B78.png 1,0,0,0,0,0,0,0,0,1,0,0,0,0,0,0,0,0,0
5DD5F5235520047.png 0,0,0,0,0,0,0,0,0,1,0,0,0,0,0,0,0,0,0
5DCCFB9C2A54427.png 1,0,0,0,0,0,1,0,0,1,0,0,0,0,0,0,0,0,0
5DE72B3529A8504.png 0,0,0,0,0,0,0,0,0,1,0,0,0,0,0,0,0,0,0
5DCB75AA51601AB.png 1,0,1,0,0,0,0,0,0,1,0,0,0,0,0,0,0,0,0
5DDC736F4968603.png 0,0,0,0,0,0,0,0,0,1,1,0,0,0,0,0,0,0,0
5DD2E1BB19F06C9.png 0,0,0,0,0,0,0,0,0,1,0,0,0,0,0,0,0,0,0
5DD48D903CC00D5.png 0,0,0,1,0,0,0,0,0,1,0,0,0,0,0,0,0,0,0
5DCA00ECDE8E85.png 0,0,0,0,0,1,0,0,0,1,0,0,0,0,0,0,0,0,0
5AF5130911E4B5A.png 1,0,0,0,0,0,0,0,0,0,1,0,0,0,0,0,0,0,0
5DC0E51D5CC4BD6.png 0,0,1,0,0,0,0,0,0,0,1,0,0,1,0,0,0,0,0
5D84335E18B849A.png 0,1,0,0,0,0,0,0,0,0,1,0,0,0,0,0,0,0,0
5D9D2AAA58FC310.png 0,1,0,0,0,0,0,0,0,0,1,0,0,0,0,0,0,0,0
5D96EC6B1354D3B.png 0,1,0,0,0,0,1,0,0,0,1,0,0,0,0,0,0,0,0
5D9A9398109C9CE.png 0,1,0,0,0,0,0,0,0,0,1,0,0,0,0,0,0,0,0
5D9E84412CAC07B.png 0,1,0,0,0,0,0,0,0,0,1,0,0,0,0,0,0,0,0
5DC0C331461C2DC.png 0,0,0,0,0,0,0,0,0,1,1,1,0,0,0,0,0,0,0
5DB9416243FC414.png 0,0,0,0,1,0,0,0,0,1,1,0,0,0,0,0,0,0,0
5D7F4C8D4D34812.png 0,0,0,0,0,0,0,0,0,1,1,0,0,0,0,0,0,0,0
5D65C7AE674CEA9.png 1,0,0,0,0,0,0,0,0,0,0,1,0,1,0,0,0,0,0
5D9FCFC54060C5B.png 1,0,0,0,1,0,0,0,0,0,0,1,0,1,0,0,0,0,0
5D8ADED64EC8E4B.png 1,0,0,0,0,0,1,1,1,0,0,1,0,0,0,0,0,0,0
5D88278B428C238.png 0,0,0,0,0,0,1,0,0,0,0,1,1,0,0,0,0,0,0
5B0E1E3F1284FD9.png 1,0,0,0,0,0,0,0,0,0,1,1,0,1,0,0,0,0,0
5D67239B2C40D88.png 1,0,1,0,0,0,0,0,0,0,0,1,1,0,0,0,0,0,0
5D7990FF2FD410C.png 1,0,0,0,0,0,0,0,0,0,0,1,0,0,0,0,0,0,0
5DF6D1612ED4F2F.png 1,0,0,0,0,0,0,0,0,0,0,1,0,1,0,0,0,0,0
5D88653E15DC696.png 1,0,1,0,0,0,0,1,0,0,0,1,0,0,0,0,0,0,0
5D5F3E24166846C.png 0,1,0,0,0,0,0,0,0,1,1,1,0,0,0,0,0,0,0
5DDF87971070FEE.png 1,0,1,0,0,0,1,1,0,0,0,1,1,0,0,0,0,0,0
5DF58A505510B37.png 1,0,0,1,0,1,0,0,0,0,0,1,1,0,0,0,0,0,0
5B64EF90F78C30.png 0,0,0,0,0,0,0,0,0,1,0,0,1,0,0,0,0,0,0
5DF9748A59048EF.png 0,0,0,0,0,0,0,0,0,0,0,1,1,0,0,0,0,0,0
5DE85F795AB810F.png 0,0,0,0,0,0,0,0,0,0,0,0,1,0,0,0,0,0,0
5DBFCEE53D8CA7E.png 0,0,0,0,0,0,0,0,0,0,0,0,1,0,0,0,0,0,0
5DB8F9992E88E8B.png 0,1,1,0,0,0,0,0,0,1,0,0,1,0,0,0,0,0,0
5B42AE401E60E53.png 0,0,0,0,0,0,0,0,0,0,1,0,1,0,0,0,0,0,0
5DC4DA2C293826B.png 0,0,0,0,0,0,0,0,0,0,0,0,1,0,0,0,0,0,0
5DBB7306470C8F1.png 0,0,0,0,0,0,0,0,0,1,0,0,1,0,0,0,0,0,0
5DEAFFF638DC3E7.png 0,0,0,0,0,0,0,0,0,1,1,0,0,1,0,0,0,0,0
5DDE169CC1C6A0.png 1,0,1,0,0,0,0,0,0,0,0,1,0,1,0,0,0,0,0
5AFA2A89187C2FA.png 1,0,0,0,0,0,0,0,0,0,0,0,0,1,0,0,0,0,0
5D99A67765C236.png 0,0,1,0,0,0,0,0,0,0,0,0,0,1,0,0,1,0,0
5D38F7C73E28447.png 1,0,1,0,0,0,0,0,0,0,0,0,0,1,0,0,1,0,0
5DBCCF3D1D0CAD6.png 1,1,0,1,1,0,0,0,1,0,0,0,0,1,0,0,0,0,0
5D5F2D5FDFC517.png 1,0,0,0,0,0,0,0,0,0,1,0,1,1,0,0,0,0,0
5DC9FCC2425C4BB.png 1,0,1,0,0,0,0,1,0,0,0,0,0,1,0,0,0,0,0
5DAFF5C63EA0382.png 1,0,0,1,0,0,0,0,0,1,0,0,0,1,0,0,0,0,0
5DB786DA10D02D6.png 1,0,1,1,1,0,0,0,0,0,0,0,0,1,0,0,0,0,0
5B139DFC17242E9.png 0,0,0,0,0,0,0,0,0,0,1,0,0,0,1,0,0,0,0
5B190C1114A0D66.png 1,0,1,1,0,0,0,0,1,0,0,0,0,0,1,0,0,0,0
5E0AA0E917DCF2A.png 0,0,0,0,0,0,0,0,1,0,0,0,0,0,1,0,0,0,0
5E015C225DE85A4.png 0,0,0,0,0,0,0,0,0,0,1,0,0,0,1,0,0,0,0
5E02C10D27283C5.png 0,0,0,0,0,1,0,0,0,0,0,0,0,0,1,0,0,0,0
5E0551CD2ECE26.png 0,1,0,0,0,0,0,0,0,0,0,0,0,0,1,0,0,0,0
5E09AF8319E8683.png 0,1,0,0,0,0,0,0,0,0,0,0,0,0,1,0,1,0,0
5E041F5D5F5C886.png 0,0,0,0,1,0,0,0,1,1,0,0,0,0,1,0,0,0,0
5E0022E25078D6A.png 0,0,0,0,0,0,0,0,0,1,0,0,0,0,1,0,0,0,0
5DFABFE14098C12.png 0,1,0,0,0,0,0,0,0,0,0,0,0,0,1,0,0,0,0
5E3AC1C33810F33.png 0,0,0,1,0,0,0,1,0,0,0,0,0,0,0,1,0,0,0
5DC8BC1D42A056C.png 0,0,0,1,0,0,0,1,0,0,0,0,0,0,0,1,0,0,0
5DC967FE273C236.png 1,0,0,1,1,0,0,0,0,0,0,0,0,0,0,1,0,0,0
5DB2F9FD3F8C759.png 0,0,0,0,0,0,0,0,0,0,0,0,0,0,0,1,0,0,0
5DA36F085D20F30.png 0,0,0,1,0,0,0,0,0,0,0,0,0,0,0,1,0,0,0
01D400BAD93EF4AD.png 1,0,1,1,0,0,0,0,0,0,0,0,0,0,0,1,0,0,0
DX.1.2.392.200036.9125.4.0.487543916.1068721558.2795306561.png 1,0,0,1,0,0,0,0,0,0,0,0,0,0,0,1,0,0,0
DX.1.2.392.200036.9125.4.0.487538287.662594966.2795306561.png 0,0,0,1,0,0,0,0,0,0,0,0,0,0,0,1,0,0,0
CR.1.2.156.600734.516764694.1648.1572660184.913.0.1.png 0,1,0,1,0,0,1,0,0,0,0,0,0,0,0,1,0,0,0
DX.1.2.392.200036.9125.4.0.487539339.2277926294.2795306561.png 1,0,0,0,0,0,0,0,0,0,0,0,0,0,0,1,0,0,0
5E15814C5ED8140.png 1,0,1,0,1,0,1,1,0,0,0,0,0,0,0,0,1,0,0
5B8751F23C025D.png 1,1,1,0,0,0,0,0,0,0,0,0,0,0,0,0,1,0,0
5E044C2D319CA5A.png 1,0,0,0,0,0,0,0,0,0,0,0,0,0,0,0,1,0,0
5E1C3CDA303454E.png 1,0,1,0,0,0,0,1,1,0,0,0,0,0,0,0,1,0,0
5E02B3E51ACCEFD.png 0,1,0,0,0,0,0,0,0,0,0,0,0,0,0,0,1,0,0
CR.1.2.156.600734.516764694.1648.1571818379.173.0.1.png 0,0,0,0,0,0,0,0,0,0,0,0,0,0,0,0,1,0,0
CR.1.3.12.2.1107.5.3.57.20200.11.201910200841010859.png 0,0,0,0,0,0,0,0,0,0,0,0,0,0,0,0,1,0,0
DX.1.2.392.200046.100.2.1.69131194618.191016152751.3.1.1.png 0,0,0,1,0,0,0,0,0,0,0,0,0,0,0,0,1,0,0
CR.1.2.156.600734.516764694.1648.1571876541.202.0.1.png 0,1,0,0,0,0,0,1,0,0,0,0,0,0,0,0,1,0,0
CR.1.2.840.113564.199912075.2019111417420171237.1203801020003.png 0,0,0,0,0,0,0,0,0,0,0,0,0,0,0,0,1,0,0
5C11C11B1184018.png 0,0,1,0,1,0,0,0,0,0,0,0,0,0,0,0,0,1,0
5B88A59416242B9.png 0,0,0,0,0,0,0,0,0,0,0,0,0,0,0,0,0,1,0
5C0B75D06D8C32.png 1,0,1,0,1,0,0,0,0,0,0,0,0,0,0,0,0,1,0
5D09CC7D1A5CB89.png 0,0,0,0,1,0,1,0,0,0,0,0,1,0,0,0,0,1,0
5B80AB5515346A8.png 0,0,0,0,1,0,0,0,0,0,0,0,0,0,0,0,0,1,0
5B038B1585CD55.png 1,0,0,0,0,0,0,0,0,0,0,0,0,1,0,0,0,1,0
5B1A21A377C692.png 1,0,0,1,0,0,0,0,0,0,0,0,0,1,0,0,0,1,0
5BE8E74320A0A98.png 0,0,0,0,1,0,0,0,0,0,0,1,0,0,0,0,0,1,0
5D155FD8330C1EB.png 0,0,0,0,0,0,0,0,0,0,0,0,0,0,0,0,0,1,0
5D06F676254C3AA.png 1,0,0,0,0,1,0,0,1,1,0,0,0,0,0,0,0,1,0
5DF97AB23788A98.png 1,0,0,0,0,0,1,1,0,0,0,0,0,1,0,0,0,0,1
5E0D3B8143B0AAA.png 1,0,1,0,0,0,0,0,0,0,0,1,0,0,0,0,0,0,1
5B4D5509C48528.png 1,1,1,0,0,0,0,0,0,0,0,0,0,1,0,0,0,0,1
5E0B00265404795.png 1,0,0,0,0,0,0,0,0,0,0,0,0,0,1,0,0,0,1
5D4E7FDE13C0A95.png 1,0,1,0,1,0,0,0,0,0,0,0,0,0,0,0,0,0,1
5DF6EE004940241.png 1,0,1,1,0,0,0,0,0,0,0,0,0,1,0,0,0,0,1
5BBAEFAB22D0158.png 0,0,1,0,1,0,0,0,0,0,0,0,0,0,0,0,0,0,1
CR.1.2.156.600734.516764694.1648.1572318439.601.0.1.png 0,0,1,0,0,0,0,0,0,0,0,0,0,0,0,0,0,0,1
DX.1.3.46.670589.26.802544.25.20191104.123508.306128.0.png 1,0,1,1,0,1,1,1,1,0,0,0,1,1,0,0,0,0,1
DX.1.2.392.200036.9125.4.0.487527527.2272486806.2795306561.png 0,0,1,0,0,0,0,0,0,0,0,0,0,1,0,0,0,0,1
