01D3F7A1D109A074.png 1,0,0,1,0,0,1,1,1,0,0,0,1,1,0,0,0,0,0
01D3FD8CA5F16F7B.png 0,1,1,1,0,0,1,0,0,0,0,0,0,0,0,0,0,0,0
01D3F7C76C446D55.png 1,0,1,0,1,0,0,0,0,0,0,0,0,0,0,0,0,0,0
01D3FD3DF83FDA0C.png 1,0,0,1,0,0,1,0,0,0,0,0,0,0,0,0,0,0,0
01D3FE86D742A44F.png 1,0,1,0,1,0,1,0,1,0,0,0,0,0,0,0,0,0,0
5AF639BF868579.png 1,0,0,1,0,1,0,0,1,0,0,0,0,0,0,0,0,0,0
5AFA537510C4963.png 1,0,0,1,0,0,1,0,0,1,0,0,0,0,0,0,0,0,0
01D402165B1E6327.png 0,0,0,1,1,0,0,1,0,0,1,0,0,1,0,0,0,0,0
5AF10C36166063D.png 1,0,0,0,0,0,0,0,1,0,0,0,0,1,0,0,0,0,0
5AFD21B6101C61E.png 0,1,0,1,1,1,0,1,1,1,0,0,0,0,0,0,0,0,0
5AF5130911E4B5A.png 1,0,0,0,0,0,0,0,0,0,1,0,0,0,0,0,0,0,0
5B0E1E3F1284FD9.png 1,0,0,0,0,0,0,0,0,0,1,1,0,1,0,0,0,0,0
5B42AE401E60E53.png 0,0,0,0,0,0,0,0,0,0,1,0,1,0,0,0,0,0,0
5AFA2A89187C2FA.png 1,0,0,0,0,0,0,0,0,0,0,0,0,1,0,0,0,0,0
5B139DFC17242E9.png 0,0,0,0,0,0,0,0,0,0,1,0,0,0,1,0,0,0,0
01D400BAD93EF4AD.png 1,0,1,1,0,0,0,0,0,0,0,0,0,0,0,1,0,0,0
5B8751F23C025D.png 1,1,1,0,0,0,0,0,0,0,0,0,0,0,0,0,1,0,0
5B038B1585CD55.png 1,0,0,0,0,0,0,0,0,0,0,0,0,1,0,0,0,1,0
5B4D5509C48528.png 1,1,1,0,0,0,0,0,0,0,0,0,0,1,0,0,0,0,1
