5C2099C8126C904.png 1,0,1,0,1,0,0,0,0,0,0,0,0,0,0,0,0,0,0
5E1FADB1413494B.png 1,0,0,0,0,0,0,0,0,0,0,0,0,0,0,0,0,1,0
5BB8099E1FFCAA7.png 1,0,1,0,1,0,0,0,0,0,0,0,0,0,0,0,0,0,0
5D155D223F280D6.png 1,0,0,0,0,1,0,0,1,1,0,1,0,0,0,0,1,0,0
5E0E8877FE47E4.png 1,0,1,0,0,0,1,0,0,0,0,0,0,0,0,0,0,0,0
5C2EB54413D4CEC.png 0,1,0,0,0,1,0,1,0,0,0,0,0,0,0,0,0,0,0
5DFB107E3C1046F.png 0,1,0,1,0,0,0,0,0,0,0,0,0,0,0,0,0,0,0
5D9D2AAA58FC310.png 0,1,0,0,0,0,0,0,0,0,1,0,0,0,0,0,0,0,0
5DF83F295D308E7.png 0,1,0,0,0,0,1,0,0,0,0,0,0,0,0,0,0,0,0
DX.1.2.840.113619.2.369.4.2147483647.1573711535.69199.png 0,1,0,1,1,0,0,0,1,1,0,0,0,0,0,0,0,0,0
5C242C2D1E4C913.png 1,0,1,0,1,1,0,1,1,1,0,0,0,0,0,0,0,0,0
5CF9CDBC13CC6B5.png 1,0,1,0,0,0,0,0,1,0,0,1,0,0,0,0,0,0,0
5E06AE2D1A5408B.png 1,0,1,0,0,0,0,0,0,0,0,0,0,0,0,0,0,0,0
5E337727E50787.png 0,0,1,0,0,0,0,0,0,0,0,1,0,0,0,0,0,0,0
5CBFABA51B88CD4.png 1,0,1,1,0,0,0,0,0,1,0,0,0,0,0,0,0,0,0
5B849DA9CAC8A3.png 1,0,1,1,0,0,1,0,0,0,0,0,0,0,0,0,0,0,0
5DCF5CEB41C8329.png 1,0,0,1,1,0,1,0,1,0,0,0,0,0,0,0,0,0,0
5C21DAA11B70351.png 0,0,0,1,1,0,0,0,0,0,0,0,0,0,0,0,0,0,0
5D48CF611D18406.png 1,0,1,1,1,0,0,0,0,1,0,1,0,0,0,0,0,0,0
5BC84890217C36C.png 1,0,1,1,1,0,0,0,0,0,0,0,0,1,0,0,0,0,0
5DBFDA2428D0028.png 1,0,1,0,1,0,0,0,0,0,0,0,0,0,0,0,0,0,0
5B9DA5171A58CAA.png 0,0,0,1,1,0,0,0,0,0,0,0,0,0,0,0,0,0,0
5D4E7FDE13C0A95.png 1,0,1,0,1,0,0,0,0,0,0,0,0,0,0,0,0,0,1
DX.1.3.46.670589.26.802544.25.20191028.113426.303751.0.png 0,0,0,0,1,0,0,0,0,0,0,0,0,0,0,0,0,0,0
DX.1.2.840.113619.2.369.4.2147483647.1572245701.54039.png 1,0,1,1,1,0,0,1,1,0,0,0,0,0,0,0,0,0,0
5D6C75773FB4945.png 1,0,0,0,0,1,0,1,1,0,0,0,1,0,0,0,0,0,0
5DC766B71B542F0.png 0,0,0,0,0,1,0,1,0,1,0,0,0,0,0,0,0,0,0
5B15E447160C852.png 0,0,0,0,0,1,0,1,1,0,0,0,0,0,0,0,0,0,0
5DEEF59166B8B21.png 0,0,0,0,0,1,0,0,0,0,0,0,0,0,0,0,0,0,0
5E1436AC16E8114.png 1,0,0,0,0,1,0,0,0,0,0,0,0,0,0,0,0,0,0
5C690A751BD009A.png 0,0,0,0,0,0,1,0,0,0,0,0,0,0,0,0,0,0,0
5DDC9B891ED4880.png 0,0,0,1,0,1,1,1,1,0,0,0,0,0,0,0,0,0,0
5CFB1FD719340AE.png 0,0,0,0,0,0,1,0,0,1,1,0,0,1,0,0,0,0,0
5DC5073239C4E07.png 0,0,0,0,0,0,1,0,0,0,0,0,0,0,0,0,0,0,0
DX.1.2.840.113619.2.369.4.2147483647.1574053025.524379.png 1,0,0,1,0,1,1,0,0,0,0,0,0,0,0,0,0,0,0
5D6A2F0D6404E4.png 0,1,1,0,0,1,0,1,0,1,0,0,0,0,0,0,0,0,0
5D076510162C1D3.png 1,0,1,1,0,0,1,1,1,0,0,1,0,0,0,0,0,0,0
5D16B0715008B19.png 0,0,0,1,0,0,1,1,0,0,0,0,0,0,0,0,0,0,0
5E5C80B73250BC2.png 1,1,0,0,0,0,0,1,1,0,0,0,0,0,0,0,0,0,0
5D213CB41D6892A.png 0,0,0,0,0,0,0,1,0,0,0,0,0,0,0,0,0,0,0
5DC77894EC84C0.png 0,0,0,0,0,0,1,1,1,1,0,0,0,0,0,0,0,0,0
5B190C1114A0D66.png 1,0,1,1,0,0,0,0,1,0,0,0,0,0,1,0,0,0,0
5B2EEA841D98208.png 0,0,1,0,0,0,0,0,1,0,0,0,0,0,0,0,0,0,0
5E12E8DC1EF4B20.png 1,0,0,0,0,0,0,1,1,0,0,0,0,0,0,0,0,0,0
DX.1.2.840.113564.920101.20191114094545250690.1003000225002.png 1,0,1,0,0,0,0,1,1,0,0,0,0,0,0,0,0,0,0
5B64EF90F78C30.png 0,0,0,0,0,0,0,0,0,1,0,0,1,0,0,0,0,0,0
5DFDD77B4E685AE.png 0,1,0,0,0,0,0,0,0,1,0,0,0,0,0,0,0,0,0
5D0056E11D2484F.png 1,0,0,0,0,0,0,0,1,1,0,0,0,0,0,0,0,0,0
5C58FA91BE0DAE.png 1,0,1,1,0,1,0,0,0,1,0,1,0,0,0,0,0,0,0
5D871C622124475.png 0,0,0,1,1,0,0,0,0,1,0,0,0,0,0,0,0,0,0
5E2020692EA0AEE.png 0,1,0,0,0,1,0,0,0,0,1,0,1,0,0,0,0,0,0
5DC2293C63D063E.png 0,0,0,0,0,0,1,0,0,0,1,0,0,0,0,0,0,0,0
5D0AFBA06C4B76.png 0,0,0,0,1,0,0,0,0,0,1,1,0,0,0,0,0,0,0
5B45994E890E28.png 0,0,0,0,0,0,0,0,0,0,1,0,0,0,0,0,0,0,0
5B8600441B540D2.png 1,0,0,1,1,0,0,1,1,0,1,0,0,1,0,0,0,0,0
5DEDA04D17A0895.png 0,0,0,0,0,0,1,0,0,1,0,1,0,1,0,0,0,0,0
5DDF87971070FEE.png 1,0,1,0,0,0,1,1,0,0,0,1,1,0,0,0,0,0,0
5C63701316EC34A.png 1,0,1,0,0,0,1,0,0,0,0,1,0,0,0,0,0,0,0
5D9FE66D2EEC1EC.png 0,0,0,0,1,0,1,1,0,0,0,1,0,0,0,0,0,0,0
5CFE39841538A19.png 0,0,0,0,0,0,0,0,0,0,0,1,0,1,0,0,0,0,0
5D09D87222C4458.png 0,0,0,1,0,0,0,0,0,0,0,0,1,0,0,0,0,0,0
5DB8F9992E88E8B.png 0,1,1,0,0,0,0,0,0,1,0,0,1,0,0,0,0,0,0
5CCA45E8FDC714.png 0,0,1,0,0,0,0,0,0,1,0,0,1,0,0,0,0,0,0
5D4BB9EF1D1CFC3.png 0,1,0,0,0,0,0,0,0,0,0,0,1,0,0,0,0,0,0
DX.1.3.46.670589.26.802544.25.20191104.123508.306128.0.png 1,0,1,1,0,1,1,1,1,0,0,0,1,1,0,0,0,0,1
5DF97AB23788A98.png 1,0,0,0,0,0,1,1,0,0,0,0,0,1,0,0,0,0,1
5C8A2AADEB84FE.png 1,0,0,0,0,1,0,0,0,1,1,0,0,1,0,0,0,0,1
5D044A4024289AA.png 1,0,0,1,1,0,0,0,0,0,0,1,0,1,0,0,0,0,0
5C7889612408987.png 1,0,1,0,0,0,0,0,0,0,1,1,1,1,0,0,0,0,0
5D4A759E4B3C2E4.png 1,0,1,1,0,0,0,0,0,0,0,0,0,1,0,0,0,0,0
5D2538F53EF005F.png 0,1,0,0,0,0,0,1,0,0,1,0,1,0,1,0,0,0,0
5D7EEFEC4EEC500.png 0,0,0,0,0,1,0,1,1,0,0,0,0,1,1,0,0,0,0
5E09AF8319E8683.png 0,1,0,0,0,0,0,0,0,0,0,0,0,0,1,0,1,0,0
5E01701B18708DF.png 0,1,1,1,0,0,0,0,0,0,0,0,0,0,1,0,0,0,0
5DF03CB738088AD.png 0,0,0,0,0,0,0,0,0,0,0,0,0,0,1,0,0,0,0
5E3AC1C33810F33.png 0,0,0,1,0,0,0,1,0,0,0,0,0,0,0,1,0,0,0
5BF7FB8E1A9CFF0.png 0,0,0,1,0,0,0,0,0,0,0,0,0,0,0,1,0,0,0
5AF949B1440523.png 1,0,0,1,0,0,0,0,0,0,0,0,0,0,0,1,0,0,0
DX.1.2.392.200046.100.2.1.69131194618.191113175649.1.1.1.png 0,0,0,1,0,0,0,0,0,0,0,0,0,0,0,1,0,0,0
DX.1.2.392.200036.9125.4.0.487578742.2265343382.2795306561.png 0,0,0,0,0,0,0,0,0,0,0,0,0,0,0,1,0,0,0
5DF885923230C0C.png 1,0,1,0,0,0,0,0,0,1,1,0,0,0,0,0,1,0,0
5D50BA8F1EB4F1D.png 0,0,0,0,0,1,0,0,0,1,0,0,0,0,0,0,1,0,0
5DA92085544CEA9.png 1,0,0,0,0,0,0,0,0,0,0,0,1,0,0,0,1,0,0
5E02BB141FF8600.png 1,1,1,0,0,0,0,0,0,0,0,0,0,0,0,0,1,0,0
5D5C97511AC4564.png 0,0,0,0,0,0,0,0,0,1,0,0,0,0,0,0,1,0,0
5E1FB48F3FF866B.png 0,0,0,0,0,0,0,0,0,0,0,0,0,0,0,0,0,1,0
5B1A21A377C692.png 1,0,0,1,0,0,0,0,0,0,0,0,0,1,0,0,0,1,0
5E264AE7631CA3D.png 0,0,0,0,0,0,0,0,0,0,0,0,0,1,0,0,0,1,0
5BE8E74320A0A98.png 0,0,0,0,1,0,0,0,0,0,0,1,0,0,0,0,0,1,0
5D06F676254C3AA.png 1,0,0,0,0,1,0,0,1,1,0,0,0,0,0,0,0,1,0
5B4D5509C48528.png 1,1,1,0,0,0,0,0,0,0,0,0,0,1,0,0,0,0,1
5CDA1FB82600B4E.png 0,0,0,0,1,0,0,0,0,0,0,0,0,1,0,0,0,0,1
5CBA949011C0B25.png 1,0,1,0,0,0,0,0,0,0,0,0,0,1,0,0,0,0,1
5BFB43B625B08D0.png 0,0,1,0,0,0,0,0,0,0,0,0,0,1,0,0,0,0,1
CR.1.2.156.600734.516764694.1648.1572318439.601.0.1.png 0,0,1,0,0,0,0,0,0,0,0,0,0,0,0,0,0,0,1
