5E17C68666982B6.png 1,1,0,0,0,0,1,0,0,0,0,0,0,0,0,0,0,0,0
5D8ADED64EC8E4B.png 1,0,0,0,0,0,1,1,1,0,0,1,0,0,0,0,0,0,0
5CFDD1011B5CB57.png 1,1,1,1,1,1,0,1,1,0,0,0,0,0,0,0,0,0,0
5CFC4F66654963.png 1,0,0,1,0,0,0,0,0,1,0,0,0,0,0,0,0,0,0
5D6CB776FAC4D4.png 1,0,1,1,1,0,0,1,1,0,0,0,0,0,0,0,0,0,0
5E158A8B50141C2.png 1,0,1,1,1,0,0,0,0,0,0,1,0,0,0,0,0,0,0
5DA7D35B50B82EF.png 1,0,0,0,0,1,0,0,1,0,0,0,0,0,0,0,0,0,0
5D12BDE8565CA4B.png 1,0,1,0,0,0,0,0,0,0,0,1,1,0,0,0,0,0,0
5CF877421BBC1EB.png 1,0,0,0,0,0,0,0,0,0,0,1,0,1,0,0,0,0,0
5DF74180EB020C.png 1,0,1,1,0,0,0,0,0,0,0,0,0,0,0,0,0,0,0
5DFC28D4391CA80.png 0,1,0,0,0,0,0,0,0,0,0,0,0,0,0,0,0,0,0
5CB43EAC25B01ED.png 0,1,0,0,0,0,1,1,1,0,1,0,0,0,0,0,0,0,0
5E5F5494197439C.png 0,1,1,0,1,0,0,0,0,0,0,0,0,0,0,0,0,0,0
5CD67E477F0096.png 0,1,1,0,1,0,0,1,0,0,1,0,0,0,0,0,0,0,0
5B42AF5714BC9EC.png 0,1,0,1,0,1,0,0,0,0,0,0,0,0,0,0,0,0,0
5D00525A96C81E.png 0,1,0,0,0,0,1,0,0,0,0,0,1,0,0,0,0,0,0
5E02B3E51ACCEFD.png 0,1,0,0,0,0,0,0,0,0,0,0,0,0,0,0,1,0,0
5E1D154B361CD7B.png 0,1,0,1,0,0,0,0,1,0,0,0,0,0,0,0,0,0,0
DX.1.2.392.200036.9125.4.0.487546999.891250070.2795306561.png 1,1,0,0,0,0,0,0,0,0,0,0,1,0,0,0,0,0,0
DX.1.2.840.113564.920101.20191114094434562670.1003000225002.png 1,1,0,0,0,0,0,1,1,0,0,0,0,0,0,0,0,0,0
5CF85BD924B89D1.png 1,0,1,0,0,0,0,0,0,0,0,0,0,0,0,0,0,0,0
5D1561D52BB4443.png 0,0,1,1,0,0,1,0,0,1,0,0,0,0,0,0,0,0,0
5D8C12B02190616.png 1,1,1,0,0,0,0,0,0,0,0,0,0,0,0,0,0,0,0
5DB5466325F8A4C.png 0,0,1,0,0,0,0,0,0,0,0,0,0,0,0,0,0,0,0
5D1566DA62B0A59.png 0,1,1,0,1,0,0,0,0,0,0,1,0,0,0,0,0,0,0
5C58FA91BE0DAE.png 1,0,1,1,0,1,0,0,0,1,0,1,0,0,0,0,0,0,0
5D5D053767D0FEB.png 1,0,1,0,0,0,0,1,0,0,0,0,0,1,0,0,0,0,0
5E0FF9ED25D8C10.png 1,0,1,1,0,0,0,0,0,0,0,1,0,0,0,0,0,0,0
5B231F381818DE9.png 0,0,1,0,0,1,0,0,0,1,0,0,0,0,0,0,0,0,0
DX.1.2.840.113619.2.369.4.2147483647.1572245701.54039.png 1,0,1,1,1,0,0,1,1,0,0,0,0,0,0,0,0,0,0
5E255EB56134B98.png 1,0,1,1,0,0,0,0,0,0,1,0,0,0,0,0,0,0,0
5AF639BF868579.png 1,0,0,1,0,1,0,0,1,0,0,0,0,0,0,0,0,0,0
5DFAC9CD5DC4FD1.png 1,0,1,1,0,0,0,0,0,0,0,0,0,0,0,0,0,0,0
5CF9FB5B25F4979.png 1,0,0,1,0,0,0,0,0,0,0,1,0,0,0,0,0,0,0
5E269EE7216C5E3.png 1,0,0,1,0,0,0,0,0,0,0,0,0,0,0,0,0,0,0
5DFB102C17E8C9A.png 1,1,0,1,0,0,1,1,1,0,0,0,0,0,0,0,0,0,0
5DFAC5264684E00.png 0,1,0,1,0,0,1,1,0,0,0,0,0,0,0,0,0,0,0
CR.1.3.46.670589.26.602199.4.20191107.90608.334294.0.png 0,0,1,1,0,0,0,0,0,0,0,0,0,0,0,0,0,0,0
DX.1.2.392.200036.9125.4.0.487563892.1568499094.2795306561.png 0,0,0,1,0,0,0,1,0,0,0,0,0,0,0,1,0,0,0
DX.1.2.392.200036.9125.4.0.487567721.159344022.2795306561.png 1,0,1,1,1,0,0,0,0,0,0,0,0,0,0,0,0,0,0
5C7B82A62274AEB.png 0,0,0,0,1,1,0,0,0,0,0,0,0,0,0,0,0,0,0
5B87A4E518F04B3.png 0,1,1,0,1,1,1,0,0,0,0,0,0,1,0,0,0,0,0
5DB6A4B54BA04CD.png 1,0,1,1,1,0,0,1,0,0,0,0,0,0,0,0,0,0,0
5C12FD2325ACB7F.png 0,1,0,1,1,0,0,0,0,0,1,0,0,0,0,0,0,0,0
5BA58E401560A2D.png 0,0,0,0,1,0,0,0,0,0,0,0,1,0,0,0,0,0,0
5C086E261120D02.png 0,1,0,0,1,0,0,0,0,0,0,0,0,0,0,0,0,0,0
5D2682DD12500C4.png 0,0,1,0,1,0,0,0,0,0,1,0,0,0,0,0,0,0,0
5C88623E3486E2.png 0,0,0,0,1,0,0,0,0,1,1,0,0,0,0,0,0,0,0
5B90BDB0199094F.png 0,1,0,0,1,0,0,0,1,0,0,0,0,0,0,0,0,0,0
5D0044A721708C7.png 1,0,0,0,1,0,0,0,0,0,0,1,0,0,0,0,0,0,0
5E2020692EA0AEE.png 0,1,0,0,0,1,0,0,0,0,1,0,1,0,0,0,0,0,0
5BD4223D1CA01ED.png 1,0,0,1,0,1,0,0,0,1,0,0,0,0,0,0,0,0,0
5D39101F565CE7C.png 0,0,0,0,0,1,0,0,0,0,0,0,0,0,0,0,0,0,0
5DF58A505510B37.png 1,0,0,1,0,1,0,0,0,0,0,1,1,0,0,0,0,0,0
5C2D83EF2268FD1.png 0,0,0,0,0,1,0,0,0,0,0,0,0,0,0,0,0,0,0
5C374C5B116CC9B.png 0,0,0,0,0,1,0,1,0,0,0,0,0,0,0,0,0,0,0
5C7DCF7F27D0EE9.png 0,0,1,0,0,1,1,0,0,1,0,0,0,0,0,0,0,0,0
5DF9D2EE1844818.png 0,0,0,0,0,1,0,0,0,0,0,0,0,0,0,0,0,0,0
5C8A0FFD44404B.png 0,0,0,0,0,1,1,0,1,0,0,0,0,0,0,0,0,0,0
DX.1.2.840.113619.2.369.4.2147483647.1573006965.412185.png 0,0,0,0,0,1,0,0,0,0,0,0,0,0,0,0,0,0,0
5DBF7BB967F8BC5.png 1,0,0,0,0,0,1,0,0,0,0,0,0,0,0,0,0,0,0
5E337773724841.png 1,1,0,0,1,0,1,0,1,0,0,0,0,0,0,0,0,0,0
5D2146612324A5B.png 1,0,1,0,0,1,1,0,0,1,0,0,0,0,0,0,0,0,0
5CF758A424706EC.png 1,0,1,0,0,0,1,0,0,0,0,1,0,1,0,0,0,0,0
5B44645D17C0684.png 0,0,1,1,0,0,1,0,1,0,0,0,0,0,0,0,0,0,0
5E225E61EC8DEA.png 1,0,0,1,0,0,1,1,1,0,0,1,0,0,0,0,0,0,0
5DD0EE65536CAB5.png 1,0,0,1,0,0,1,0,0,0,0,0,0,0,0,0,0,0,0
5DF6D2823218A48.png 0,1,0,0,1,0,1,0,0,0,1,0,0,0,1,0,0,0,0
5BA707D011E0E22.png 0,0,0,0,0,0,1,1,0,0,0,0,0,0,0,0,0,0,0
CR.1.2.156.600734.516764694.1648.1573390533.1476.0.1.png 0,1,0,0,1,0,1,1,0,0,0,0,0,0,0,0,0,0,0
5C09BDEE1A88EA9.png 0,0,0,0,1,0,1,1,1,0,0,0,0,0,0,0,0,0,0
5E001763D98FD6.png 0,1,0,0,0,0,0,1,1,0,0,0,0,0,0,0,0,0,0
5C67674C1C98F29.png 0,0,0,0,1,0,0,1,1,1,0,0,0,0,0,0,0,0,0
5CB43BACF606F9.png 0,0,0,0,0,1,0,1,1,0,1,0,0,0,0,0,0,0,0
5DFDB99361E42FD.png 1,0,0,1,1,0,0,1,0,0,0,0,0,0,0,0,0,0,0
5DE4D00C5948F16.png 1,0,0,1,1,0,0,1,0,0,1,0,0,0,0,0,0,0,0
5CE4F65520909B6.png 0,0,0,0,1,0,0,1,0,0,1,0,0,0,0,0,0,0,0
5DC9FCC2425C4BB.png 1,0,1,0,0,0,0,1,0,0,0,0,0,1,0,0,0,0,0
DX.1.2.392.200036.9125.4.0.487576953.2411357590.2795306561.png 1,0,1,1,0,0,0,1,1,0,0,0,0,0,0,0,0,0,0
CR.1.2.156.600734.516764694.906304.1571282978.101.0.1.png 1,0,0,0,0,0,1,1,1,0,0,0,0,0,0,0,0,0,0
5C3E83BF1568288.png 0,0,0,0,0,0,1,0,1,0,0,0,0,0,0,0,0,0,0
5B972CB8176C394.png 1,0,1,1,1,0,1,1,1,0,0,0,0,0,0,0,0,0,0
5B15E447160C852.png 0,0,0,0,0,1,0,1,1,0,0,0,0,0,0,0,0,0,0
5DEAFC14D4857D.png 1,0,0,1,0,0,1,0,1,0,0,0,0,0,0,0,0,0,0
5D0986DF7ECF58.png 0,0,0,1,1,0,0,0,1,0,0,0,0,0,0,0,0,0,0
5E2656A1618413C.png 1,0,1,1,0,0,0,1,1,0,0,1,0,0,0,0,0,0,0
5DF1D2E5473CEDE.png 0,0,0,0,0,1,0,0,1,0,0,0,0,0,1,0,0,0,0
5DF984561FF8976.png 1,1,1,1,1,0,1,0,1,0,0,0,0,1,0,0,0,0,0
5C67C347B4C226.png 0,0,0,0,0,0,1,1,1,1,0,0,0,0,0,0,0,0,0
DX.1.2.840.113619.2.369.4.2147483647.1573451130.723270.png 0,0,0,0,1,0,0,0,1,0,0,0,0,0,0,0,0,0,0
5CD4CC94C34949.png 0,0,0,0,0,1,0,0,0,1,0,0,0,0,0,0,0,0,0
5CC1113E1370912.png 1,0,0,0,0,0,1,1,1,1,1,0,0,0,0,0,0,0,0
5C1064E11CFCC83.png 0,0,0,1,0,0,1,0,0,1,0,0,0,0,0,0,0,0,0
5D1800B42B7CD45.png 1,0,0,0,0,0,0,0,0,1,0,1,0,1,0,0,0,0,0
5D11892941708B6.png 1,0,1,0,1,0,0,0,0,1,0,0,0,0,0,0,0,0,0
5B7CFCC0A38759.png 1,0,1,0,0,0,0,0,0,1,0,0,0,1,0,0,0,0,0
5DBB7306470C8F1.png 0,0,0,0,0,0,0,0,0,1,0,0,1,0,0,0,0,0,0
5D1188C249A46CC.png 0,0,0,0,0,0,0,0,0,1,1,0,0,0,1,0,0,0,0
5CF7149F19ACA41.png 1,0,1,0,0,0,1,0,1,1,0,0,0,0,0,0,0,0,0
DX.1.2.00232083000343611920191115090636338926625.png 0,0,0,1,1,0,0,0,0,1,0,0,0,0,0,0,0,0,0
5CFF54A4115068E.png 0,0,0,0,0,0,0,0,0,0,1,0,0,0,0,0,0,0,0
5DDC7EA04938F5F.png 0,0,0,0,0,0,0,0,0,0,1,0,0,0,0,0,0,0,0
5D0AFBA06C4B76.png 0,0,0,0,1,0,0,0,0,0,1,1,0,0,0,0,0,0,0
5C329CF21CF4F0B.png 0,1,0,0,0,0,0,0,0,0,1,0,0,0,0,0,0,0,0
5DD8803C1EC988.png 0,1,1,0,0,0,0,0,0,0,1,0,0,0,0,0,0,0,0
5DE9A0405194354.png 0,0,0,0,0,1,0,0,0,0,1,0,0,0,0,0,0,0,0
5B971DCBFA4E4E.png 0,1,0,0,0,0,0,0,0,0,1,0,0,0,0,0,0,0,0
5CB43FC22030424.png 1,0,0,0,0,0,0,0,0,0,1,0,0,0,0,0,0,0,0
5B9C4F8311F4557.png 0,0,0,0,0,0,0,0,0,0,1,0,0,0,0,0,0,0,0
DX.1.2.840.113619.2.369.4.2147483647.1572236928.155715.png 0,0,0,0,0,0,0,0,0,0,1,0,0,0,0,0,0,0,0
5D0B97D811A4626.png 1,0,1,1,0,0,1,1,0,1,0,1,0,0,0,0,0,0,0
5D0ACDC62590A5F.png 1,0,0,0,0,0,0,0,0,0,0,1,0,1,0,0,0,0,0
5CDA214918F841F.png 0,0,1,1,1,0,0,0,0,0,0,1,0,0,0,0,0,0,0
5D155D223F280D6.png 1,0,0,0,0,1,0,0,1,1,0,1,0,0,0,0,1,0,0
5D1FF0AA5D44A63.png 1,0,0,0,1,0,0,0,0,0,0,1,0,0,0,0,0,0,0
5BE8CDAF2478457.png 1,0,0,1,1,0,0,1,0,1,0,1,0,0,0,0,0,0,0
5E0AA09F2FB4D7F.png 1,0,0,0,1,0,0,0,0,0,0,1,0,0,0,0,0,0,0
5DA6764A5D68306.png 1,0,0,0,0,0,1,0,0,1,0,1,0,0,0,0,0,0,0
5D0C278B2354767.png 1,0,0,0,0,0,0,0,0,0,0,1,0,1,0,0,1,0,0
DX.1.2.392.200036.9125.4.0.487526032.1370973590.2795306561.png 0,0,0,0,0,1,0,0,0,0,0,1,0,0,0,0,0,0,0
5E0944F847D0A69.png 0,0,0,0,0,0,0,0,0,0,1,1,1,1,0,0,0,0,0
5C92DD281194AD0.png 0,1,0,0,0,0,1,1,0,0,0,0,1,0,0,0,0,0,0
5D09CC7D1A5CB89.png 0,0,0,0,1,0,1,0,0,0,0,0,1,0,0,0,0,1,0
5D88278B428C238.png 0,0,0,0,0,0,1,0,0,0,0,1,1,0,0,0,0,0,0
5E1194544AA081F.png 1,0,1,0,0,0,1,0,0,1,0,1,1,0,0,0,0,0,0
5BFE2DCB233CB47.png 1,0,0,1,0,1,0,0,0,0,0,0,1,0,0,0,0,0,0
5D2A6E744E901C2.png 0,0,0,0,1,0,0,0,0,0,0,0,1,0,0,0,0,0,0
5CCA45E8FDC714.png 0,0,1,0,0,0,0,0,0,1,0,0,1,0,0,0,0,0,0
5C8A130016F86F3.png 0,0,0,0,0,0,0,0,0,0,0,0,1,0,0,0,0,0,0
5E01D71A17640CE.png 1,1,0,1,0,0,0,0,0,0,0,0,1,0,0,0,0,0,0
5DF8216C51C16E.png 1,0,1,1,1,0,1,0,0,0,0,0,0,1,0,0,0,0,0
5E0405994EA4613.png 0,0,0,0,1,1,0,1,1,1,0,0,0,1,0,0,0,0,0
5C09BF6B9ECFD1.png 1,0,1,0,0,0,0,0,0,0,0,0,0,1,0,0,0,0,0
5D57BF871088C0B.png 1,0,1,0,1,0,0,0,0,0,0,0,1,1,0,0,0,0,0
5BC69BFF2500B57.png 1,0,0,1,1,0,0,0,1,0,0,0,0,1,0,0,0,0,0
5D38F7C73E28447.png 1,0,1,0,0,0,0,0,0,0,0,0,0,1,0,0,1,0,0
5BFB43B625B08D0.png 0,0,1,0,0,0,0,0,0,0,0,0,0,1,0,0,0,0,1
5DFC150715E0F16.png 0,0,0,0,0,1,0,0,0,0,0,1,0,1,0,0,0,0,0
5C22CF821A08793.png 1,0,0,1,1,0,0,0,0,1,0,1,0,1,0,0,0,0,0
5E264AE7631CA3D.png 0,0,0,0,0,0,0,0,0,0,0,0,0,1,0,0,0,1,0
5DC9FCD24FDC5EB.png 1,1,0,1,1,0,0,0,0,0,0,0,0,0,1,0,0,0,0
5DF19B1414D89CA.png 0,1,0,0,0,0,0,0,0,0,0,0,0,0,1,0,0,0,0
5CF71389242CBB9.png 0,0,1,0,0,0,0,0,0,0,0,1,0,0,1,0,0,0,0
5E1FC75952CC1FA.png 0,1,0,0,0,0,0,0,0,0,0,0,0,0,1,0,0,0,0
5BF8EAEFF1CAF3.png 0,1,0,0,0,0,0,0,0,1,0,0,0,0,1,0,0,0,0
5E015C225DE85A4.png 0,0,0,0,0,0,0,0,0,0,1,0,0,0,1,0,0,0,0
5E0551CD2ECE26.png 0,1,0,0,0,0,0,0,0,0,0,0,0,0,1,0,0,0,0
5E09AF8319E8683.png 0,1,0,0,0,0,0,0,0,0,0,0,0,0,1,0,1,0,0
5BC92C2A25A434F.png 0,1,0,0,0,0,0,0,0,1,1,0,0,0,1,0,0,0,0
5DFABFE14098C12.png 0,1,0,0,0,0,0,0,0,0,0,0,0,0,1,0,0,0,0
5BE2A8CB10500B3.png 1,0,0,1,0,0,0,0,0,0,0,0,0,0,0,1,0,0,0
5D4A856B2DC8A57.png 0,0,0,0,0,0,0,0,0,0,0,0,0,0,0,1,0,0,0
5D3075C4A2CEE8.png 1,0,0,1,0,0,0,0,0,0,0,0,0,0,0,1,0,0,0
5DA36F085D20F30.png 0,0,0,1,0,0,0,0,0,0,0,0,0,0,0,1,0,0,0
5C34445D6D8997.png 1,0,0,1,0,0,0,0,0,0,0,0,0,0,0,1,0,0,0
5C1363564A0A8C.png 1,0,0,1,0,0,0,0,0,0,0,0,0,0,0,1,0,0,0
DX.1.2.392.200036.9125.4.0.487587446.4086064534.2795306561.png 1,0,0,1,0,0,0,0,0,0,0,0,0,0,0,1,0,0,0
DX.1.2.392.200036.9125.4.0.487586954.1972200854.2795306561.png 1,0,1,1,0,0,0,0,0,0,0,1,0,0,0,1,0,0,0
DX.1.2.392.200036.9125.4.0.487538287.662594966.2795306561.png 0,0,0,1,0,0,0,0,0,0,0,0,0,0,0,1,0,0,0
DX.1.2.392.200036.9125.4.0.487578742.2265343382.2795306561.png 0,0,0,0,0,0,0,0,0,0,0,0,0,0,0,1,0,0,0
5E15814C5ED8140.png 1,0,1,0,1,0,1,1,0,0,0,0,0,0,0,0,1,0,0
5B8751F23C025D.png 1,1,1,0,0,0,0,0,0,0,0,0,0,0,0,0,1,0,0
5D50BA8F1EB4F1D.png 0,0,0,0,0,1,0,0,0,1,0,0,0,0,0,0,1,0,0
5DA92085544CEA9.png 1,0,0,0,0,0,0,0,0,0,0,0,1,0,0,0,1,0,0
5B879F3E1D8035A.png 0,0,0,0,0,0,0,0,0,0,0,0,0,0,0,0,1,0,0
5C63BB6D1350A2A.png 0,0,0,1,0,0,0,0,0,1,0,0,0,0,0,0,1,0,0
5D145F3A3538234.png 1,0,1,0,0,0,0,0,0,0,0,1,0,0,0,0,1,0,0
DX.1.2.392.200046.100.2.1.69131194618.191016152751.3.1.1.png 0,0,0,1,0,0,0,0,0,0,0,0,0,0,0,0,1,0,0
CR.1.2.156.600734.516764694.1648.1571876541.202.0.1.png 0,1,0,0,0,0,0,1,0,0,0,0,0,0,0,0,1,0,0
CR.1.2.840.113564.199912075.2019111417420171237.1203801020003.png 0,0,0,0,0,0,0,0,0,0,0,0,0,0,0,0,1,0,0
5C11C11B1184018.png 0,0,1,0,1,0,0,0,0,0,0,0,0,0,0,0,0,1,0
5E1FADB1413494B.png 1,0,0,0,0,0,0,0,0,0,0,0,0,0,0,0,0,1,0
5B88A59416242B9.png 0,0,0,0,0,0,0,0,0,0,0,0,0,0,0,0,0,1,0
5E1FB48F3FF866B.png 0,0,0,0,0,0,0,0,0,0,0,0,0,0,0,0,0,1,0
5C0B75D06D8C32.png 1,0,1,0,1,0,0,0,0,0,0,0,0,0,0,0,0,1,0
5DBE830BCD000D.png 0,0,0,0,0,0,0,0,0,0,0,0,0,0,0,0,0,1,0
5B038B1585CD55.png 1,0,0,0,0,0,0,0,0,0,0,0,0,1,0,0,0,1,0
5B1A21A377C692.png 1,0,0,1,0,0,0,0,0,0,0,0,0,1,0,0,0,1,0
5D155FD8330C1EB.png 0,0,0,0,0,0,0,0,0,0,0,0,0,0,0,0,0,1,0
5D06F676254C3AA.png 1,0,0,0,0,1,0,0,1,1,0,0,0,0,0,0,0,1,0
5DF97AB23788A98.png 1,0,0,0,0,0,1,1,0,0,0,0,0,1,0,0,0,0,1
5E0D3B8143B0AAA.png 1,0,1,0,0,0,0,0,0,0,0,1,0,0,0,0,0,0,1
5B4D5509C48528.png 1,1,1,0,0,0,0,0,0,0,0,0,0,1,0,0,0,0,1
5E0B00265404795.png 1,0,0,0,0,0,0,0,0,0,0,0,0,0,1,0,0,0,1
5CDA1FB82600B4E.png 0,0,0,0,1,0,0,0,0,0,0,0,0,1,0,0,0,0,1
5D0D8CA31BCCE32.png 1,0,1,0,0,0,0,0,0,0,0,0,0,0,0,0,0,0,1
5D06E5652774614.png 1,0,1,1,1,0,0,0,0,0,0,0,0,0,0,0,0,0,1
5CDCBE9918E0776.png 0,0,1,0,0,0,0,0,0,0,0,0,0,1,0,0,0,0,1
CR.1.2.156.600734.516764694.1648.1572318439.601.0.1.png 0,0,1,0,0,0,0,0,0,0,0,0,0,0,0,0,0,0,1
DX.1.2.392.200036.9125.4.0.487527527.2272486806.2795306561.png 0,0,1,0,0,0,0,0,0,0,0,0,0,1,0,0,0,0,1
