5E01BD2B4128F49.png 1,0,0,0,0,0,0,0,0,0,0,0,0,0,0,0,0,0,0
01D3F7A1D109A074.png 1,0,0,1,0,0,1,1,1,0,0,0,1,1,0,0,0,0,0
5E01B2FB1FC03A2.png 1,0,1,0,1,0,0,0,0,0,0,0,0,0,0,0,0,0,0
5E01BE5E3A1CF13.png 1,0,1,1,0,0,0,0,0,0,0,0,0,0,0,0,0,0,0
5E01D71A17640CE.png 1,1,0,1,0,0,0,0,0,0,0,0,1,0,0,0,0,0,0
5E127E6366C2FD.png 0,1,0,0,0,0,0,0,0,0,0,0,0,0,0,0,0,0,0
5E12CBE0388CF2B.png 0,1,0,0,0,0,1,0,0,0,0,0,0,0,0,0,0,0,0
5E12809566AC4EF.png 1,1,1,0,1,0,1,0,0,0,0,0,0,0,0,0,0,0,0
01D3FD8CA5F16F7B.png 0,1,1,1,0,0,1,0,0,0,0,0,0,0,0,0,0,0,0
5E129C313278134.png 1,1,0,0,0,0,0,0,0,1,0,0,0,0,1,0,0,0,0
01D3F7C76C446D55.png 1,0,1,0,1,0,0,0,0,0,0,0,0,0,0,0,0,0,0
5E02BED51A48200.png 0,1,1,0,0,0,0,0,0,0,0,0,0,0,0,0,0,0,0
5E02FDDE3CA09DF.png 1,0,1,0,1,0,0,0,0,0,0,0,0,0,0,0,0,0,0
5E02F9DB3F88620.png 1,1,1,0,0,0,0,0,0,0,0,0,0,0,0,0,0,0,0
5E02BE03636C1F5.png 1,0,1,0,0,0,0,1,0,0,0,0,0,0,0,0,0,0,0
5E21082A6088F21.png 1,0,0,1,1,0,0,0,1,0,0,0,0,0,0,0,0,0,0
5E1FBC2E6104FF0.png 1,0,0,1,0,0,0,0,1,0,0,0,0,0,0,0,0,0,0
5E20145D6280898.png 1,1,0,1,0,0,0,0,0,0,0,0,0,0,0,0,0,0,0
01D3FD3DF83FDA0C.png 1,0,0,1,0,0,1,0,0,0,0,0,0,0,0,0,0,0,0
5E1FD9F04BE89ED.png 1,0,0,1,0,0,1,0,0,0,0,0,0,0,0,0,0,0,0
01D3FE86D742A44F.png 1,0,1,0,1,0,1,0,1,0,0,0,0,0,0,0,0,0,0
5DE7007D593898A.png 0,1,0,1,1,1,0,0,0,0,0,0,0,0,0,0,0,0,0
5DD8EFF72EA8290.png 1,0,0,1,1,0,1,1,0,0,0,0,0,0,0,0,0,0,0
5DDB20A23E40748.png 1,0,1,1,1,0,0,0,0,0,0,0,0,0,0,0,0,0,0
5DE4D00C5948F16.png 1,0,0,1,1,0,0,1,0,0,1,0,0,0,0,0,0,0,0
5D6A2F0D6404E4.png 0,1,1,0,0,1,0,1,0,1,0,0,0,0,0,0,0,0,0
5D6C75773FB4945.png 1,0,0,0,0,1,0,1,1,0,0,0,1,0,0,0,0,0,0
5D71BF304704EA.png 1,0,0,0,0,1,0,1,0,0,0,0,0,0,0,0,0,0,0
5AF639BF868579.png 1,0,0,1,0,1,0,0,1,0,0,0,0,0,0,0,0,0,0
5D705E6D4C60954.png 0,0,0,0,0,1,0,1,0,1,0,0,0,0,0,0,0,0,0
5DF8216C51C16E.png 1,0,1,1,1,0,1,0,0,0,0,0,0,1,0,0,0,0,0
5DF6E4C83BA0C48.png 1,1,0,0,1,0,1,1,0,0,1,0,0,0,0,0,0,0,0
5DF6D2823218A48.png 0,1,0,0,1,0,1,0,0,0,1,0,0,0,1,0,0,0,0
5AFA537510C4963.png 1,0,0,1,0,0,1,0,0,1,0,0,0,0,0,0,0,0,0
5DF1E3B51F879F.png 1,1,0,0,1,0,1,0,0,0,0,0,0,0,0,0,0,0,0
5E0E92A0496C649.png 1,0,0,0,0,0,1,1,0,0,0,0,0,0,0,0,0,0,0
5E0D445A4CECAED.png 1,0,0,0,0,1,0,1,0,0,0,0,0,0,0,0,0,0,0
01D402165B1E6327.png 0,0,0,1,1,0,0,1,0,0,1,0,0,1,0,0,0,0,0
5E0E812437F8526.png 0,0,0,1,0,0,1,1,0,1,0,0,0,0,0,0,0,0,0
5E0AEE724958BAE.png 0,0,0,0,0,0,0,1,1,0,0,0,0,0,0,0,0,0,0
5E112E542F20901.png 1,1,1,1,1,0,1,0,1,0,0,0,0,0,0,0,0,0,0
5E0D9DE35CA00E0.png 1,0,0,1,0,1,1,0,1,0,0,0,0,0,0,0,0,0,0
5E10383D1860F06.png 0,0,0,0,0,0,0,1,1,0,0,0,0,0,0,0,0,0,0
5AF10C36166063D.png 1,0,0,0,0,0,0,0,1,0,0,0,0,1,0,0,0,0,0
5E0D56C233B8775.png 1,0,0,0,1,0,0,0,1,0,0,0,0,0,0,0,0,0,0
5AFD21B6101C61E.png 0,1,0,1,1,1,0,1,1,1,0,0,0,0,0,0,0,0,0
5DD5F5235520047.png 0,0,0,0,0,0,0,0,0,1,0,0,0,0,0,0,0,0,0
5DCCFB9C2A54427.png 1,0,0,0,0,0,1,0,0,1,0,0,0,0,0,0,0,0,0
5DD2E1BB19F06C9.png 0,0,0,0,0,0,0,0,0,1,0,0,0,0,0,0,0,0,0
5DD48D903CC00D5.png 0,0,0,1,0,0,0,0,0,1,0,0,0,0,0,0,0,0,0
5AF5130911E4B5A.png 1,0,0,0,0,0,0,0,0,0,1,0,0,0,0,0,0,0,0
5D9D2AAA58FC310.png 0,1,0,0,0,0,0,0,0,0,1,0,0,0,0,0,0,0,0
5D96EC6B1354D3B.png 0,1,0,0,0,0,1,0,0,0,1,0,0,0,0,0,0,0,0
5D9A9398109C9CE.png 0,1,0,0,0,0,0,0,0,0,1,0,0,0,0,0,0,0,0
5D9E84412CAC07B.png 0,1,0,0,0,0,0,0,0,0,1,0,0,0,0,0,0,0,0
5D9FCFC54060C5B.png 1,0,0,0,1,0,0,0,0,0,0,1,0,1,0,0,0,0,0
5D8ADED64EC8E4B.png 1,0,0,0,0,0,1,1,1,0,0,1,0,0,0,0,0,0,0
5D88278B428C238.png 0,0,0,0,0,0,1,0,0,0,0,1,1,0,0,0,0,0,0
5B0E1E3F1284FD9.png 1,0,0,0,0,0,0,0,0,0,1,1,0,1,0,0,0,0,0
5D88653E15DC696.png 1,0,1,0,0,0,0,1,0,0,0,1,0,0,0,0,0,0,0
5DDF87971070FEE.png 1,0,1,0,0,0,1,1,0,0,0,1,1,0,0,0,0,0,0
5DF58A505510B37.png 1,0,0,1,0,1,0,0,0,0,0,1,1,0,0,0,0,0,0
5DE85F795AB810F.png 0,0,0,0,0,0,0,0,0,0,0,0,1,0,0,0,0,0,0
5B42AE401E60E53.png 0,0,0,0,0,0,0,0,0,0,1,0,1,0,0,0,0,0,0
5DC4DA2C293826B.png 0,0,0,0,0,0,0,0,0,0,0,0,1,0,0,0,0,0,0
5DEAFFF638DC3E7.png 0,0,0,0,0,0,0,0,0,1,1,0,0,1,0,0,0,0,0
5DDE169CC1C6A0.png 1,0,1,0,0,0,0,0,0,0,0,1,0,1,0,0,0,0,0
5DC0E51D5CC4BD6.png 0,0,1,0,0,0,0,0,0,0,1,0,0,1,0,0,0,0,0
5AFA2A89187C2FA.png 1,0,0,0,0,0,0,0,0,0,0,0,0,1,0,0,0,0,0
5DC9FCC2425C4BB.png 1,0,1,0,0,0,0,1,0,0,0,0,0,1,0,0,0,0,0
5B139DFC17242E9.png 0,0,0,0,0,0,0,0,0,0,1,0,0,0,1,0,0,0,0
5E015C225DE85A4.png 0,0,0,0,0,0,0,0,0,0,1,0,0,0,1,0,0,0,0
5E0022E25078D6A.png 0,0,0,0,0,0,0,0,0,1,0,0,0,0,1,0,0,0,0
5E01701B18708DF.png 0,1,1,1,0,0,0,0,0,0,0,0,0,0,1,0,0,0,0
5DFABFE14098C12.png 0,1,0,0,0,0,0,0,0,0,0,0,0,0,1,0,0,0,0
5D4A856B2DC8A57.png 0,0,0,0,0,0,0,0,0,0,0,0,0,0,0,1,0,0,0
5DC8BC1D42A056C.png 0,0,0,1,0,0,0,1,0,0,0,0,0,0,0,1,0,0,0
5DB2F9FD3F8C759.png 0,0,0,0,0,0,0,0,0,0,0,0,0,0,0,1,0,0,0
5DA36F085D20F30.png 0,0,0,1,0,0,0,0,0,0,0,0,0,0,0,1,0,0,0
01D400BAD93EF4AD.png 1,0,1,1,0,0,0,0,0,0,0,0,0,0,0,1,0,0,0
5B8751F23C025D.png 1,1,1,0,0,0,0,0,0,0,0,0,0,0,0,0,1,0,0
CR.1.2.156.600734.516764694.1648.1571818379.173.0.1.png 0,0,0,0,0,0,0,0,0,0,0,0,0,0,0,0,1,0,0
CR.1.3.12.2.1107.5.3.57.20200.11.201910200841010859.png 0,0,0,0,0,0,0,0,0,0,0,0,0,0,0,0,1,0,0
CR.1.2.156.600734.516764694.1648.1571876541.202.0.1.png 0,1,0,0,0,0,0,1,0,0,0,0,0,0,0,0,1,0,0
CR.1.2.840.113564.199912075.2019111417420171237.1203801020003.png 0,0,0,0,0,0,0,0,0,0,0,0,0,0,0,0,1,0,0
5B88A59416242B9.png 0,0,0,0,0,0,0,0,0,0,0,0,0,0,0,0,0,1,0
5B80AB5515346A8.png 0,0,0,0,1,0,0,0,0,0,0,0,0,0,0,0,0,1,0
5B038B1585CD55.png 1,0,0,0,0,0,0,0,0,0,0,0,0,1,0,0,0,1,0
5B1A21A377C692.png 1,0,0,1,0,0,0,0,0,0,0,0,0,1,0,0,0,1,0
5BE8E74320A0A98.png 0,0,0,0,1,0,0,0,0,0,0,1,0,0,0,0,0,1,0
5E0D3B8143B0AAA.png 1,0,1,0,0,0,0,0,0,0,0,1,0,0,0,0,0,0,1
5B4D5509C48528.png 1,1,1,0,0,0,0,0,0,0,0,0,0,1,0,0,0,0,1
5E0B00265404795.png 1,0,0,0,0,0,0,0,0,0,0,0,0,0,1,0,0,0,1
CR.1.2.156.600734.516764694.1648.1572318439.601.0.1.png 0,0,1,0,0,0,0,0,0,0,0,0,0,0,0,0,0,0,1
DX.1.2.392.200036.9125.4.0.487527527.2272486806.2795306561.png 0,0,1,0,0,0,0,0,0,0,0,0,0,1,0,0,0,0,1
